600
     0.809687613      4.697163838 0       0.817826499      1.000000000
     6.859469690      1.313995299 0      -0.811313997      1.000000000
     4.034493280      6.758666529 0      -1.594641509      1.000000000
     0.174964715      2.924165476 0       0.840844565      1.000000000
     3.739550023      3.982670029 0      -4.344729934      1.000000000
     3.247811418      6.949540937 0      -0.350071975      1.000000000
     5.817536390      3.283853603 0      -1.908939806      1.000000000
     5.585773348      7.722322210 0       0.069452255      1.000000000
     6.968418486      0.193670974 0      -0.645729736      1.000000000
     6.768512929      7.017399374 0      -0.755723852      1.000000000
     7.932788414      5.431909526 0       0.867549474      1.000000000
     5.923497054      2.093475650 0      -0.745475869      1.000000000
     4.927650350      0.800349997 0      -2.242792293      1.000000000
     1.749275178      4.441764980 0      -3.769913128      1.000000000
     4.845888705      5.513014678 0      -2.649869523      1.000000000
     3.489523966      5.925106957 0      -1.664784890      1.000000000
     3.883746041      4.230505175 0      -5.234595362      1.000000000
     0.883837614      4.739198940 0       1.342427942      1.000000000
     1.827331959      1.256956330 0      -0.071082788      1.000000000
     2.110797815      0.977543624 0      -0.891867597      1.000000000
     7.629793746      2.285999330 0      -1.185489214      1.000000000
     7.811662595      6.114494220 0      -0.650722985      1.000000000
     2.587403517      7.427237764 0      -1.032392705      1.000000000
     2.891782360      6.635557759 0       0.375221647      1.000000000
     3.152004758      7.470555617 0       2.112199456      1.000000000
     5.346826412      5.305815712 0      -0.454479791      1.000000000
     0.010212702      3.132712543 0       1.036221641      1.000000000
     7.569870427      4.733157378 0      -0.391923944      1.000000000
     6.412913156     -0.085724835 0      -0.445693689      1.000000000
     3.370395355      1.997215722 0       0.162066848      1.000000000
     3.953430996      1.098820123 0      -0.510706875      1.000000000
     7.738909552      5.332581087 0       1.423251727      1.000000000
     4.984473440      5.093968949 0      -0.877438481      1.000000000
     2.574936422      0.521385947 0      -2.112048683      1.000000000
     0.299979386      0.902688506 0       0.204156673      1.000000000
     4.318543132      3.163119560 0      -3.542909682      1.000000000
     4.911963730      7.308782749 0      -1.569427769      1.000000000
     2.632129887      7.638531061 0       1.154309938      1.000000000
     5.897896328      4.742597331 0      -2.233933718      1.000000000
     6.024682131      3.437889166 0      -1.402936032      1.000000000
     2.650965035      6.445359654 0      -1.673272459      1.000000000
     5.728006812      0.585215106 0      -0.044674202      1.000000000
     4.891310297      1.589308658 0      -2.735466246      1.000000000
     3.820192097      7.647025541 0      -1.817669496      1.000000000
     4.405736684      5.866119884 0      -2.413283753      1.000000000
     4.081278707      1.575543287 0      -1.670071945      1.000000000
     6.106872469     -0.082456690 0      -0.809197410      1.000000000
     4.532205887      7.169820756 0      -0.861793481      1.000000000
     1.869718953      3.589396030 0      -0.862589451      1.000000000
     3.836014953      4.654817018 0      -3.904380162      1.000000000
     6.000421129      6.437129770 0       0.359700769      1.000000000
     7.505315482      3.617301171 0      -0.345973920      1.000000000
     4.319379596      7.898993550 0      -1.184790544      1.000000000
     7.433148607      6.804312656 0      -0.431862766      1.000000000
     3.181645818      6.889985494 0      -1.297593962      1.000000000
     5.831734651      5.130855496 0      -0.660780244      1.000000000
     0.969222322      2.320956971 0      -1.256819035      1.000000000
     6.887690494      5.040009241 0      -0.726113067      1.000000000
     1.649051510      4.303170913 0      -1.685664197      1.000000000
     2.405934540     -0.022146116 0      -1.541599760      1.000000000
     2.354307683      5.497418991 0      -1.150646193      1.000000000
     4.330553766      5.413094586 0      -1.819063121      1.000000000
     3.579413391      6.941105636 0      -0.014297208      1.000000000
     2.048748754      6.197990653 0      -0.298011261      1.000000000
     1.012407365      0.986642947 0       1.284841404      1.000000000
     7.169531998      1.539605149 0       0.054114918      1.000000000
     4.250606167      5.969607986 0      -1.599371386      1.000000000
     6.819564761      2.089156079 0      -2.605392224      1.000000000
     0.501296798      1.503493540 0      -0.989962111      1.000000000
     7.268817912      3.176612452 0      -0.332807685      1.000000000
     3.017889834      2.031864600 0      -2.130808449      1.000000000
     1.348168715      6.730611435 0       0.369455325      1.000000000
     2.748546376      2.916847311 0      -3.622589804      1.000000000
     3.761784411      4.185453653 0      -3.544310970      1.000000000
     3.673327191      1.727478983 0      -1.831152012      1.000000000
     0.581182711      5.047482868 0       0.480696074      1.000000000
     4.489901900      3.513054663 0      -2.901711149      1.000000000
     1.449074466      0.258953628 0      -0.120875864      1.000000000
     5.080203981      6.631254083 0      -0.601785569      1.000000000
     5.799055117      1.850516175 0      -2.735916030      1.000000000
     3.447882377      7.382175178 0      -0.198593238      1.000000000
     2.280349400      1.176224497 0      -1.060239607      1.000000000
     4.484189702      0.388621420 0       1.317456212      1.000000000
     1.801006272      7.765973497 0      -0.337149545      1.000000000
     3.554084514      6.258241602 0       0.266240051      1.000000000
     5.405971863      4.019803512 0      -3.097635113      1.000000000
     6.508831901      2.006822883 0       0.651339060      1.000000000
     6.667918525      4.211385575 0      -1.921356432      1.000000000
     7.751180605      1.761465072 0       0.160070026      1.000000000
     1.566549230      1.050407614 0       0.285140482      1.000000000
     2.728819055      6.962361114 0       0.914431374      1.000000000
     6.731516285      3.812842758 0      -1.278624595      1.000000000
    -0.092965153      0.127184395 0      -1.257916911      1.000000000
     2.408558352      5.503195480 0      -3.246206646      1.000000000
     5.544447462      2.446869781 0      -2.205265262      1.000000000
     2.099138389      6.235779099 0       0.503543597      1.000000000
     2.375472051      3.424032363 0      -1.299796643      1.000000000
     5.672774458      4.711856187 0      -0.574843025      1.000000000
     2.591046869      4.288073529 0      -2.030028712      1.000000000
     0.682199907      7.265693037 0       0.464732804      1.000000000
     5.682897056      2.470039058 0       0.480398361      1.000000000
     2.045131561      1.195027492 0       0.249318216      1.000000000
     1.210579563      4.319289462 0      -0.103240270      1.000000000
     3.647245478      5.205711500 0      -4.099046743      1.000000000
     4.631505255      0.603107522 0      -0.745400428      1.000000000
     7.847890811      5.214337475 0       0.314498456      1.000000000
     5.573651249      2.072219908 0      -0.256902201      1.000000000
     1.404837065      7.838002722 0       1.144049220      1.000000000
     0.816387186      5.089322631 0      -0.693467354      1.000000000
     3.639464728      3.707336774 0      -3.367286536      1.000000000
     3.287390677      0.241521310 0       0.000548494      1.000000000
     6.960570008      0.233495105 0      -0.916345606      1.000000000
     1.207148767      4.148615876 0      -0.017674966      1.000000000
    -0.084380814      1.797093690 0      -0.562145990      1.000000000
     4.564891745      6.811214613 0       0.018715111      1.000000000
     2.474475574      3.581351908 0      -3.235483074      1.000000000
     0.821344747      0.130615257 0      -1.273161781      1.000000000
     7.349711547      2.842002432 0      -0.180067375      1.000000000
     7.361043435      7.018100128 0      -0.524815572      1.000000000
     0.579429116      2.302278095 0      -0.804991995      1.000000000
     0.079980072      5.504635849 0       0.749176550      1.000000000
     3.767278797      1.193530657 0      -0.341608416      1.000000000
     2.451228076      7.261176407 0       1.051336564      1.000000000
     0.854662805      2.462318927 0      -2.323950572      1.000000000
     5.248654054      2.662884050 0      -1.371753561      1.000000000
     5.761226227      7.645831335 0      -1.229199908      1.000000000
     1.613337943      6.905680732 0       0.033426610      1.000000000
     1.641705465      5.135334361 0      -2.178098177      1.000000000
     5.270880799      6.909449746 0      -0.248115033      1.000000000
     1.074061755      2.331832895 0      -0.126670457      1.000000000
     7.549282252      0.427284258 0       0.143823118      1.000000000
     5.904071037      3.766356750 0      -3.038255673      1.000000000
     5.795595458      5.228505702 0      -2.776352619      1.000000000
     5.403501728      6.174747567 0      -1.547627751      1.000000000
     4.617779783      6.957909886 0      -1.337329338      1.000000000
     0.678738440      0.719104429 0      -0.279750763      1.000000000
     5.760484318      5.090144525 0      -1.985878097      1.000000000
     0.828249835      4.209464380 0       0.400580562      1.000000000
     2.062600953      4.237619739 0      -1.891777041      1.000000000
     2.003758262      6.358416777 0      -0.607561245      1.000000000
     6.135751419      6.027496053 0      -2.055247397      1.000000000
     2.440082426      1.153581227 0      -0.057111474      1.000000000
     7.749648736      0.021403585 0      -0.354894115      1.000000000
     2.209585773      6.888792660 0      -1.053731811      1.000000000
     5.851493010      0.584745380 0       1.325347504      1.000000000
     6.566601832      6.758765788 0      -1.476083687      1.000000000
     3.964696644      4.431331733 0      -3.309722216      1.000000000
     6.877783156      2.613556624 0      -1.051862615      1.000000000
     2.936620538      3.905252232 0      -2.810797556      1.000000000
     6.915123258      5.621563329 0      -2.189706782      1.000000000
     3.695504318      0.070804133 0       0.696079522      1.000000000
     2.933975924      3.140789492 0      -0.836523413      1.000000000
     7.141550515      6.118810311 0      -0.532756529      1.000000000
     6.921852713      7.501404575 0       0.800840569      1.000000000
     3.976715182      4.103083346 0      -3.693890843      1.000000000
     2.121181610      4.424230544 0      -1.789471016      1.000000000
     7.554993160      3.430604790 0       0.452062137      1.000000000
     2.353985582      7.050074782 0      -0.635591987      1.000000000
     0.208567609      2.122741349 0       0.204762327      1.000000000
     0.586886238      0.938909293 0      -0.441467337      1.000000000
     6.916937480      1.361750038 0      -0.942534609      1.000000000
     3.731145663      5.326762887 0      -2.395358846      1.000000000
     5.511383272      6.553778866 0      -0.921822991      1.000000000
     7.329178965      4.285224640 0       0.410160918      1.000000000
     5.382634395      3.434367589 0      -1.800578792      1.000000000
     3.873908306      6.393112593 0      -0.514188512      1.000000000
     0.087585038      0.387345126 0      -0.988326809      1.000000000
     7.844037276      1.971753743 0      -1.493751656      1.000000000
     4.944686541      4.421474512 0      -1.696593546      1.000000000
     0.165925307      3.780096809 0      -0.968978434      1.000000000
     7.917364841      7.261010526 0      -0.860615360      1.000000000
     2.682516744      4.976196903 0      -1.589859963      1.000000000
     2.156146867      1.738435731 0      -0.453235172      1.000000000
     6.729130611      3.045328055 0       0.113014628      1.000000000
     4.020323847      5.748951256 0      -1.124635459      1.000000000
     0.806105750     -0.067132114 0       1.405810181      1.000000000
     5.385587040      7.183790516 0      -2.384906893      1.000000000
     3.561573974      3.982964053 0      -3.200480473      1.000000000
     3.205854418      4.736862548 0      -2.137147845      1.000000000
     3.715947136      0.850910941 0      -2.298341126      1.000000000
     5.926380160      6.263693626 0      -3.358500203      1.000000000
    -0.079106300      4.693851450 0       1.655697611      1.000000000
     0.374682990      6.161756654 0      -1.092537792      1.000000000
     0.356030264      2.044684285 0      -1.246134036      1.000000000
     0.585569812      7.535763220 0       1.718464514      1.000000000
     1.424727242      7.114015234 0      -1.567597466      1.000000000
     3.174572967      2.748086577 0      -3.917587392      1.000000000
     6.206550599      3.556690908 0      -2.569646174      1.000000000
     5.913509842      4.140437498 0      -1.923880288      1.000000000
     2.774635066      6.832044249 0      -0.967252236      1.000000000
     0.261971238      1.596308641 0       1.352535452      1.000000000
     3.167304463      0.203531039 0       0.879742278      1.000000000
     6.021423008      3.273472668 0      -1.939735824      1.000000000
     1.828182926      2.225522632 0      -0.716255426      1.000000000
     3.852794031      2.695515158 0      -1.637918815      1.000000000
     6.948936636      0.377380573 0      -1.891698068      1.000000000
     6.117794690      5.509851451 0      -2.133765533      1.000000000
    -0.094626302      0.120588134 0       0.276254668      1.000000000
     6.753775627      1.678809320 0      -1.845118665      1.000000000
     1.121844319      4.405540121 0      -0.163491413      1.000000000
     2.877171312      5.928174209 0      -1.396144288      1.000000000
     5.608217065      1.568024905 0      -0.662247063      1.000000000
    -0.029633744      1.637144425 0      -0.034403323      1.000000000
     1.757711567      4.825134987 0      -0.771808491      1.000000000
     7.680123597      3.030039193 0       0.847735298      1.000000000
     2.539763857      7.188130497 0       0.398657623      1.000000000
     5.790615617      5.760044782 0       0.752320050      1.000000000
     2.226507602      1.891008192 0      -2.065190712      1.000000000
     1.249112775      4.362923828 0      -2.117116849      1.000000000
     7.296526917      0.821045177 0       0.029953936      1.000000000
    -0.058737257      2.109681098 0       0.059379403      1.000000000
     6.753429465      6.213327945 0       0.213801847      1.000000000
     0.135622565      2.453887694 0      -0.404578759      1.000000000
     1.917809571      7.795429669 0      -0.278008005      1.000000000
     6.814567519      0.659004143 0       0.505849205      1.000000000
     0.682137373      2.325706169 0       0.681271337      1.000000000
     1.886195337      1.740046879 0      -0.865285391      1.000000000
     0.585307190      4.954132576 0      -1.312338524      1.000000000
     5.653007687      0.882684975 0      -0.207115160      1.000000000
     7.368656027      5.862523259 0       1.202578803      1.000000000
     4.901690653      5.597784915 0      -1.989079769      1.000000000
     0.008460516      6.843445010 0       0.240176940      1.000000000
     0.473278476      0.555549840 0      -0.309239830      1.000000000
     3.078759414      0.735147939 0      -1.740156215      1.000000000
     0.330057250      3.474786499 0      -1.160404429      1.000000000
     4.080532406      6.548389158 0      -0.181563041      1.000000000
     3.270163360     -0.045222512 0       0.547300561      1.000000000
     1.411993925      3.445215565 0      -1.605158392      1.000000000
     6.285586257      6.414081176 0      -0.493442002      1.000000000
     2.845194997      5.300208194 0      -0.771170851      1.000000000
     4.609175966      5.696816687 0      -2.828077933      1.000000000
     3.808111165      1.114044562 0      -1.339787642      1.000000000
     4.403477706      7.570410447 0      -0.321315381      1.000000000
     5.190421034      3.424428041 0      -3.718458369      1.000000000
     1.668453499      0.419694434 0       1.012296876      1.000000000
     1.437113398      0.178594036 0       0.457539925      1.000000000
     7.606165281      0.383157166 0      -1.686895187      1.000000000
     4.206922639      1.422531217 0      -0.159428200      1.000000000
     6.675706219      7.806191421 0      -1.347470624      1.000000000
     2.948386850      7.837066441 0      -1.358206984      1.000000000
     5.985831439      4.574691749 0      -2.314708180      1.000000000
     5.077486718      3.777039831 0      -1.360635965      1.000000000
     4.568579862      2.297147313 0      -1.118796965      1.000000000
     4.653723498      5.501427500 0      -3.425714464      1.000000000
     2.873596399      6.392597711 0      -1.082394597      1.000000000
     2.332699668      7.301438204 0      -2.065858163      1.000000000
     5.557786888      5.030109222 0      -3.079310589      1.000000000
     0.779436879      4.052756284 0       0.957997463      1.000000000
     2.584761430      5.791473511 0      -1.047697083      1.000000000
     2.090601779      0.312796403 0       0.503814900      1.000000000
     0.941025056      0.232602636 0      -1.528124540      1.000000000
     6.970224415      1.464011578 0      -0.406865515      1.000000000
     1.811434506      0.158314020 0       0.224576117      1.000000000
     1.609237870      1.075643523 0       0.195320785      1.000000000
     5.592816768      0.232739838 0       1.716907115      1.000000000
     0.471544099      3.581465218 0      -0.814739185      1.000000000
     6.175180525      3.324058832 0      -0.706076279      1.000000000
     2.556769909      6.218769072 0       0.487058072      1.000000000
     5.403562694      0.750781774 0       0.141332991      1.000000000
     4.214563438      2.622896595 0      -0.708855998      1.000000000
     1.177814147      3.172665363 0      -1.086616170      1.000000000
     6.876858823      2.003425083 0      -0.131145513      1.000000000
     1.993720681      6.610114602 0      -0.031051687      1.000000000
     1.343369642      7.725228876 0      -0.634113883      1.000000000
     2.777763156      7.638124192 0      -1.280022811      1.000000000
    -0.073249165      5.971432220 0       0.076749487      1.000000000
     1.369308687      2.509631903 0      -2.331890668      1.000000000
     4.445495084      3.230378294 0      -1.879930621      1.000000000
     6.437634924      0.360091147 0      -0.537826182      1.000000000
     7.778173768      3.709968964 0      -1.343964076      1.000000000
     4.085271776      4.192468525 0      -4.177615904      1.000000000
     7.124470094      6.759797478 0       1.574415953      1.000000000
     4.390594999      1.547907064 0      -0.393339109      1.000000000
     5.910124110      1.452641087 0      -2.020040717      1.000000000
     6.987616686      2.348459068 0      -3.228660374      1.000000000
     3.683201779      2.501767540 0      -0.493914434      1.000000000
     7.527853838      3.147162203 0       0.710834694      1.000000000
     7.363171239      4.561335674 0      -1.929523448      1.000000000
     4.673206332      3.128780002 0      -3.124277700      1.000000000
     5.726346241      4.436966635 0      -1.962848214      1.000000000
     1.653981671      1.082397000 0       1.966923616      1.000000000
     7.444866540      1.301586629 0      -1.799277284      1.000000000
     5.709342921      2.887523545 0      -2.060429052      1.000000000
     3.593695752      5.937425277 0      -2.036488939      1.000000000
     4.160743303      6.746538436 0       0.024424121      1.000000000
     1.471783794      7.831315783 0       0.451947403      1.000000000
     3.929378370      7.801951922 0       2.845746977      1.000000000
     6.999019338      0.219603272 0       1.038175626      1.000000000
     3.603384533      4.213054059 0      -2.876760887      1.000000000
     3.406895296      4.367373174 0      -2.361244986      1.000000000
     6.310793331      7.025931793 0      -1.304870403      1.000000000
     4.594317668      5.806689867 0      -1.285702458      1.000000000
     1.158961138      0.499557138 0       0.120978756      1.000000000
     5.570267086      5.427549098 0      -1.069651347      1.000000000
     4.020853376      6.434465142 0      -2.611332002      1.000000000
     2.326353316      7.941676297 0      -0.406547334      1.000000000
     3.843393947      2.615527948 0      -3.566143183      1.000000000
     5.140997913      2.178815569 0      -0.540714421      1.000000000
     7.121574273      3.719378752 0      -1.686364374      1.000000000
     2.435688552      6.800653851 0       0.562259212      1.000000000
     3.127379758      2.570674777 0      -2.499308689      1.000000000
     2.265457839      1.260965019 0      -1.022034234      1.000000000
     3.191303045      5.188305723 0      -2.044170159      1.000000000
     4.066902889      5.216505472 0      -3.229751959      1.000000000
     6.432736503      5.095103929 0      -1.647981110      1.000000000
     2.707821328      5.328094357 0      -3.274771301      1.000000000
     5.316761043      6.770342843 0      -2.458268145      1.000000000
     5.383220800      0.951817926 0       0.051823542      1.000000000
     4.530090795      7.765176720 0       0.254668097      1.000000000
     5.659492411      1.310704051 0       1.112860626      1.000000000
     7.654939305      0.395758372 0       0.458340751      1.000000000
     4.418433553      4.050816043 0      -3.876102709      1.000000000
     3.736098361      7.294211085 0      -1.493583032      1.000000000
     5.324145626      2.099769102 0      -0.323715143      1.000000000
     1.226989433      3.872581244 0      -0.080517446      1.000000000
    -0.088318117      1.860297249 0      -0.444591790      1.000000000
     5.436920058      3.284908515 0      -3.237028472      1.000000000
     7.297244526      6.771659027 0      -0.969437646      1.000000000
     2.073569694      1.271372550 0      -1.328281136      1.000000000
     5.633279555      5.587488614 0      -2.859677022      1.000000000
     4.539221478      0.973177722 0      -0.387350299      1.000000000
     0.005989920      2.939875080 0       1.107855800      1.000000000
     0.581317875      0.322154352 0       1.245726619      1.000000000
     4.915608928      0.245044132 0       0.035400345      1.000000000
     3.794295514      7.473667087 0      -0.833920093      1.000000000
     0.586877156      1.998231340 0      -1.891603704      1.000000000
     5.467251332      0.524489357 0       0.181656744      1.000000000
     0.542681660      3.642963779 0      -0.168793885      1.000000000
     6.842177030      2.838462968 0      -1.349365510      1.000000000
     1.019517813      1.299158085 0       0.466050351      1.000000000
     2.000917308      3.216158736 0      -3.145607891      1.000000000
     6.108426974      3.849797374 0      -2.029606681      1.000000000
     2.559354782      3.639502004 0      -1.860619727      1.000000000
     6.013103635      1.463533638 0       0.966344727      1.000000000
     3.715775591      2.539931330 0      -2.878264243      1.000000000
     4.125261206      4.375982245 0      -2.764278590      1.000000000
     5.397547661      4.780021489 0      -3.712854053      1.000000000
     3.919298633      4.794918938 0      -3.411532641      1.000000000
     4.393462148      6.306607767 0      -1.857847153      1.000000000
     4.944559970      1.527189548 0      -0.841741842      1.000000000
     5.955230574      3.591218021 0      -1.528192925      1.000000000
     5.586729746      4.415052442 0      -2.674028134      1.000000000
     7.643842347      0.688126338 0       0.281468046      1.000000000
     5.092024895      2.283868879 0      -1.386585231      1.000000000
     0.991868399      0.961127745 0      -2.305733973      1.000000000
     3.558592037      7.378369083 0       0.418326934      1.000000000
     6.931030675      7.015611769 0       1.155901356      1.000000000
     2.986043817      5.367426910 0      -3.169098103      1.000000000
     5.102685527      6.219105897 0      -0.871117162      1.000000000
     1.732703792      4.328923885 0      -0.212981503      1.000000000
     7.799561243      3.362471105 0       1.248645282      1.000000000
     1.908676469      6.065484633 0      -1.384421319      1.000000000
     1.841866967      6.855943276 0       0.171166658      1.000000000
     0.103125531      0.362586409 0       1.728038112      1.000000000
     0.461554804      4.942547622 0      -0.083298478      1.000000000
     1.030063151      7.631385670 0       1.332098503      1.000000000
     5.165236043      5.450199788 0      -0.601858900      1.000000000
     4.256897610      2.780049813 0      -3.253947384      1.000000000
     1.349530997      1.596019506 0      -0.863734811      1.000000000
     7.496827969      4.188821231 0      -2.477102347      1.000000000
     5.151299942      6.826849974 0      -0.660446842      1.000000000
     1.694105819      6.446281943 0      -0.795678123      1.000000000
     1.048509961      5.051989953 0      -1.875475490      1.000000000
     3.189372143      5.115504288 0      -1.605931606      1.000000000
     5.457906942      2.371548112 0      -0.017290984      1.000000000
     7.096033884      1.326634430 0      -1.137474206      1.000000000
     3.543905461      6.439584498 0       1.996148346      1.000000000
     7.454674045     -0.061556089 0      -0.897039788      1.000000000
     6.267078519     -0.037083365 0       0.947842704      1.000000000
     7.172839428      1.946314652 0      -1.366195146      1.000000000
     1.305186849      0.558449473 0      -0.548468956      1.000000000
     0.265309130      1.113807424 0       1.263264115      1.000000000
     3.856256386      0.112351546 0      -2.546737777      1.000000000
     4.507719574      6.646340455 0      -0.766637709      1.000000000
     6.686059077      0.542356887 0       1.433527599      1.000000000
     1.134575037      2.752549085 0      -0.175037025      1.000000000
     5.590934902      6.251468774 0      -2.440509716      1.000000000
     3.095345525      4.596795163 0      -2.637088121      1.000000000
     6.220964424      2.643380190 0      -0.835323664      1.000000000
     3.367583729      1.891778235 0      -2.629000378      1.000000000
     5.756463088      4.881189442 0      -4.795520417      1.000000000
     6.633279722      3.129010681 0      -0.050802781      1.000000000
     6.367045562      6.837162210 0      -0.234531016      1.000000000
     1.124747833      7.325946142 0      -0.490680071      1.000000000
     1.927141503      2.573455649 0      -0.011644651      1.000000000
     5.496238065      4.278499908 0      -3.671736846      1.000000000
     0.156900028      3.121844463 0       0.325163471      1.000000000
     4.873523109      7.744794902 0      -0.038121337      1.000000000
    -0.029957376      3.374232804 0       0.923230043      1.000000000
     7.758311379      5.939241865 0      -0.022442556      1.000000000
     4.408050280      7.174021784 0       0.182617996      1.000000000
     2.747774652      0.152138847 0      -1.804501241      1.000000000
     5.691817382      6.326765851 0      -1.850296132      1.000000000
     2.548212177      3.181773300 0      -2.655332985      1.000000000
     6.558398066      1.473006290 0      -0.049725892      1.000000000
     4.189845842     -0.021699440 0      -0.188815531      1.000000000
    -0.065571068      3.420632710 0       0.895679072      1.000000000
     1.134348400      5.841161609 0      -0.475747706      1.000000000
     4.157101413     -0.089514309 0      -0.517614042      1.000000000
     6.092254198     -0.076585503 0       0.394308453      1.000000000
     1.754050452      4.889646127 0      -1.074128027      1.000000000
     2.694348484      1.388063738 0       0.174846754      1.000000000
     0.544941666      3.570453090 0       0.206682922      1.000000000
     6.051187464      1.404428287 0       0.513664766      1.000000000
     3.082958622      6.722493869 0      -0.009837980      1.000000000
     2.409451588      6.305444752 0       0.221326187      1.000000000
     6.168362566      5.621673073 0       0.221179092      1.000000000
     1.662272825      4.078455571 0      -1.347769603      1.000000000
     4.964074457      6.674300832 0       0.927633221      1.000000000
     1.274678869      0.722852155 0       0.199954882      1.000000000
     4.237445227      6.943650134 0      -0.781336619      1.000000000
     5.456214593      3.815836796 0      -3.583903806      1.000000000
     1.318218176      3.388547904 0      -1.557226278      1.000000000
     1.628153128      7.061449023 0       0.695224487      1.000000000
     5.346346694      2.614250485 0      -2.737158130      1.000000000
     5.311753395      0.559559111 0       0.946224233      1.000000000
     3.304029270      3.780288749 0      -2.358307110      1.000000000
     2.318199360      4.109587444 0      -2.289808603      1.000000000
     4.155915813      1.353981017 0      -1.198077407      1.000000000
     0.587274066      4.307099947 0      -1.045394220      1.000000000
    -0.006215847      3.229943234 0      -2.237006451      1.000000000
     5.647115939      7.402385880 0      -0.513555163      1.000000000
     5.240422055      0.059730160 0      -0.755927814      1.000000000
     4.523760715      7.386819988 0      -1.583893438      1.000000000
     5.343986446      2.894756917 0      -2.408153175      1.000000000
     0.711425646      0.478599105 0       0.031525140      1.000000000
     6.292329319      3.022447220 0      -1.169339236      1.000000000
     5.394809516      4.542789786 0      -0.685302882      1.000000000
     3.841936416      4.188296537 0      -3.527132421      1.000000000
     4.650075557      6.376280620 0       1.405597309      1.000000000
     2.978715601      3.533769893 0      -2.161484599      1.000000000
     1.124497083      4.659074661 0      -0.896092853      1.000000000
     2.306986922      2.771882865 0      -0.560897586      1.000000000
     5.759783179      7.062789063 0       0.354853301      1.000000000
     0.086891659      6.584524786 0      -0.510042434      1.000000000
     4.926407399      2.446875062 0      -2.684666655      1.000000000
     3.918540169      3.382377129 0      -5.212376514      1.000000000
     3.570591033      7.571551890 0      -0.037782104      1.000000000
     2.236347883      2.347882139 0      -2.122343466      1.000000000
     6.906603750      5.415618867 0      -1.613818839      1.000000000
     1.213227234      7.268222357 0      -1.295045893      1.000000000
     6.833475891      7.562822914 0      -1.050812411      1.000000000
     5.732409695     -0.079848719 0       0.585202017      1.000000000
     7.509347802      2.251910809 0       0.008234916      1.000000000
     5.742070984      7.171695829 0      -0.875232108      1.000000000
     6.002101938      4.893099894 0      -3.245916191      1.000000000
     7.638226567      2.717537970 0      -0.280351143      1.000000000
     6.616691001      6.522756203 0      -1.206449046      1.000000000
     0.853198872      3.222285315 0       0.427343131      1.000000000
     0.910696880      7.199160081 0      -0.496788003      1.000000000
     5.430420059      5.216566770 0      -2.345875612      1.000000000
     0.785457966      5.531802811 0       0.050907868      1.000000000
     5.330649624      6.199147515 0      -1.567339359      1.000000000
     5.034053234      3.357825524 0      -1.165534918      1.000000000
     3.687685644      6.137532505 0      -2.316271166      1.000000000
     2.783418503      2.829298456 0      -1.590414421      1.000000000
     4.143019794      1.635907089 0      -0.695145076      1.000000000
     1.593350576      2.162376441 0      -1.419135564      1.000000000
     0.286782713      2.185646035 0      -0.319701822      1.000000000
     5.624777262      0.254133128 0      -0.010988049      1.000000000
    -0.089993022      7.932783193 0       2.095067091      1.000000000
     5.899219570      6.127010713 0      -1.494580325      1.000000000
     4.590250644      6.282239424 0      -0.595767162      1.000000000
     2.001576843      6.128543692 0      -0.733149074      1.000000000
     3.565115270      0.809847153 0      -0.845044097      1.000000000
     4.512393323      4.897083927 0      -3.134758392      1.000000000
     3.318683742      7.061354936 0      -1.959205683      1.000000000
     0.833716242      5.627810098 0       0.482879734      1.000000000
     2.309006154      0.435323850 0      -0.030725766      1.000000000
     0.140491615      2.714738719 0       0.241690926      1.000000000
     5.885527651      7.018378918 0      -1.664666719      1.000000000
     0.663097511      0.930320501 0      -0.038363289      1.000000000
     7.420502928      6.610480401 0       0.585094210      1.000000000
     6.005504504      6.306037878 0      -0.710423990      1.000000000
     6.110328686      7.866394692 0       0.555174777      1.000000000
    -0.016340917      7.572470309 0       0.561959991      1.000000000
     3.842350711      5.722026956 0      -1.662164860      1.000000000
    -0.049068679      0.286572562 0       1.396512687      1.000000000
     6.037725360      0.946834341 0       0.060445610      1.000000000
     6.813213837      0.690852226 0      -0.876551551      1.000000000
     1.898901948      3.288257543 0      -0.669127946      1.000000000
     4.567080826      1.510439760 0      -1.258503396      1.000000000
     4.253082310      2.545474394 0      -2.951807519      1.000000000
     6.816472102      0.235364564 0       0.294113535      1.000000000
     2.652066153      0.596028217 0       0.259186843      1.000000000
     0.096711929      1.980988893 0       0.835386215      1.000000000
     1.510324694      0.693809477 0      -0.587121479      1.000000000
     1.354235732      3.989944166 0      -0.308921416      1.000000000
     0.195938158      3.768360536 0      -0.655575470      1.000000000
     4.294468688      5.557731053 0      -2.601235987      1.000000000
     6.615205516      4.776433678 0      -0.951249013      1.000000000
     2.535948545      5.140861828 0      -0.217587722      1.000000000
     7.096983339      7.258896635 0      -0.361286558      1.000000000
     5.853314904      7.358583144 0      -0.558129281      1.000000000
     5.329575580     -0.095057557 0       1.549954516      1.000000000
     6.536583502      5.964144620 0      -0.414195889      1.000000000
     3.720709610      5.401100372 0      -3.368058149      1.000000000
     5.542236736      4.907660223 0      -1.462348161      1.000000000
     0.458811025      7.757796356 0      -0.434932080      1.000000000
     6.627930058      4.174092432 0      -1.037751441      1.000000000
     1.686155847     -0.018557055 0       1.267948929      1.000000000
     2.547044005      5.389100341 0      -1.808929363      1.000000000
     2.319276305      1.028399234 0       2.612178075      1.000000000
     2.943634599      3.993331039 0      -2.928851117      1.000000000
     1.087329745      6.670824331 0      -0.313207237      1.000000000
     2.345844497      6.741970715 0      -1.623591528      1.000000000
     4.514216854      3.477258575 0      -3.492770250      1.000000000
     6.146458089      2.024984932 0      -2.318057456      1.000000000
     3.058446028      3.211235291 0      -3.963634065      1.000000000
     4.662857789      5.870978560 0      -0.078437734      1.000000000
     6.739543270      1.542210001 0      -1.500846556      1.000000000
     6.475447224      2.097839107 0      -0.294325148      1.000000000
     2.122002322      5.914260792 0      -0.422506106      1.000000000
     5.351406701      6.907825889 0      -1.081248954      1.000000000
     5.311888495      1.124920135 0      -1.600570843      1.000000000
     4.075918004      7.258642957 0      -2.426654201      1.000000000
     6.150635648      1.877657457 0       0.154794153      1.000000000
     0.721970050      2.490927005 0      -0.571291873      1.000000000
     3.024523545      6.316606193 0       0.175502849      1.000000000
     0.508404271      4.636960952 0      -0.971958409      1.000000000
     6.222241039      3.984648066 0      -2.958586710      1.000000000
     6.904116075      6.415451193 0      -1.404001824      1.000000000
     5.536844724      5.596541658 0      -2.477489313      1.000000000
     2.762552164      3.367464629 0      -2.580281197      1.000000000
     0.007533545      5.009107057 0       0.535103569      1.000000000
     5.806040010      4.095044132 0      -0.292420671      1.000000000
     5.674959016      1.745429568 0      -2.887155339      1.000000000
     5.542936911      5.345706127 0       0.376023326      1.000000000
     3.683910863      1.653732878 0      -2.401324792      1.000000000
     2.553202213      5.666758481 0       0.729004922      1.000000000
     0.223632771      5.249016013 0      -0.481451353      1.000000000
     4.340979826      6.300005714 0      -2.188661314      1.000000000
     1.153857960      4.330766077 0       0.337873558      1.000000000
     1.402755737      5.773939975 0      -0.832876179      1.000000000
     3.948384709      0.364542459 0      -1.528771310      1.000000000
     5.312005021      2.645563394 0       0.538661054      1.000000000
     2.126448712      0.483640821 0      -1.561497520      1.000000000
     0.882659897      2.352600270 0       1.502567663      1.000000000
     3.231822605      1.196493282 0      -1.877519976      1.000000000
     4.596662018      6.814694269 0       0.932625968      1.000000000
     3.307221708      5.841316608 0      -2.222158111      1.000000000
     7.730292242      5.406777772 0       0.832441675      1.000000000
     4.750486475      4.719874306 0      -2.220649369      1.000000000
     6.085766049      5.084620481 0      -0.756430496      1.000000000
     0.060482553      3.263529303 0      -1.135625297      1.000000000
     0.459891976      6.079482260 0      -0.658974555      1.000000000
     2.327338404      3.793220693 0      -3.394121325      1.000000000
     4.410573023      4.254484431 0      -4.214492914      1.000000000
     7.524764499      7.184268392 0      -1.006214917      1.000000000
     4.800133966      2.908289766 0      -1.766145034      1.000000000
     4.170741751      4.979045450 0      -2.476607387      1.000000000
     1.908023688      2.802208216 0      -1.806935863      1.000000000
     7.605770795      4.880234864 0      -0.517567988      1.000000000
     6.575225059      1.267953727 0      -0.315636435      1.000000000
     6.325076752      6.348874781 0      -0.453677254      1.000000000
     7.922793538      7.128781266 0      -0.104133932      1.000000000
     5.443088144      6.011279097 0      -1.350923986      1.000000000
     5.526465547      0.510080241 0      -0.442563128      1.000000000
     6.178908101      4.519957003 0      -0.769283979      1.000000000
     4.532645023      7.682185832 0       0.441289936      1.000000000
     6.257339657      6.132861796 0      -0.710283831      1.000000000
     0.187204705      7.216099824 0       0.038322065      1.000000000
     5.698191375      1.619678647 0       0.198988443      1.000000000
     2.956344324      4.923388982 0      -2.539262296      1.000000000
     6.226607930      1.489071770 0      -1.079242391      1.000000000
     2.319416030      2.501464594 0      -0.883503064      1.000000000
     1.849154373      1.411158596 0       0.382628472      1.000000000
     0.675086022      5.304657808 0       0.494372811      1.000000000
     6.369083980      1.191513920 0       0.591089159      1.000000000
     7.813043692      0.895074675 0       0.841797895      1.000000000
     0.413258727      7.860903848 0      -0.883891157      1.000000000
     0.683810231      0.904375918 0       0.782880725      1.000000000
     2.624492618      1.266907311 0      -0.761423228      1.000000000
     0.051525045      6.397613739 0      -0.327614017      1.000000000
     2.089417320      3.092962017 0      -1.871619927      1.000000000
     5.411327016      5.015562272 0      -2.041227454      1.000000000
     2.200544461      5.353211188 0      -2.101997401      1.000000000
    -0.088282589      7.670151946 0      -0.811769823      1.000000000
     5.075624862      4.351543847 0      -3.182394709      1.000000000
     3.559588678      2.395421943 0      -1.144019048      1.000000000
     2.124003829      7.119130147 0       1.857707977      1.000000000
     6.213354753      7.858624943 0       0.125635950      1.000000000
     3.160017626      7.516479434 0      -0.670062255      1.000000000
     7.075880630      0.542512987 0       0.272087851      1.000000000
     5.034791090      7.934099318 0      -1.230807746      1.000000000
     0.012422814      6.824646926 0      -0.282078971      1.000000000
     0.256907717      2.512457346 0       2.039490623      1.000000000
     7.065983493      5.861347590 0      -2.607732195      1.000000000
     5.734882035      3.898958807 0      -3.086882372      1.000000000
     0.780902967      6.182953034 0       0.061417342      1.000000000
     4.340759270      1.726666273 0      -1.020197445      1.000000000
     4.920471245     -0.041519002 0      -0.688177230      1.000000000
     6.164037615      6.268768668 0      -0.673879838      1.000000000
     1.884605374      5.392902080 0      -0.376787639      1.000000000
     5.601914782      2.676165587 0      -1.907539219      1.000000000
     2.975049646      5.430649789 0      -2.870422560      1.000000000
     7.460416139      1.442903434 0      -1.215257465      1.000000000
     2.015504937      3.200838550 0       0.357515882      1.000000000
     5.672232676      3.190157878 0      -3.243539500      1.000000000
     4.894992213      2.971187594 0      -1.996422450      1.000000000
