600
     0.809687613      4.697163838 0      -0.379942268      0.000000000
     6.859469690      1.313995299 0      -0.110426540      0.000000000
     4.034493280      6.758666529 0      -0.818198278      0.000000000
     0.174964715      2.924165476 0      -0.117041595      0.000000000
     3.739550023      3.982670029 0      -3.496702263      0.000000000
     3.247811418      6.949540937 0      -0.527729817      0.000000000
     5.817536390      3.283853603 0      -1.601438187      0.000000000
     5.585773348      7.722322210 0      -0.296795844      0.000000000
     6.968418486      0.193670974 0       0.010154684      0.000000000
     6.768512929      7.017399374 0      -0.369344442      0.000000000
     7.932788414      5.431909526 0      -0.234415095      0.000000000
     5.923497054      2.093475650 0      -0.750547200      0.000000000
     4.927650350      0.800349997 0      -0.341708217      0.000000000
     1.749275178      4.441764980 0      -1.213461797      0.000000000
     4.845888705      5.513014678 0      -2.052667693      0.000000000
     3.489523966      5.925106957 0      -1.567075769      0.000000000
     3.883746041      4.230505175 0      -3.484936472      0.000000000
     0.883837614      4.739198940 0      -0.415187810      0.000000000
     1.827331959      1.256956330 0      -0.285855778      0.000000000
     2.110797815      0.977543624 0      -0.256409006      0.000000000
     7.629793746      2.285999330 0      -0.095520830      0.000000000
     7.811662595      6.114494220 0      -0.242104880      0.000000000
     2.587403517      7.427237764 0      -0.182473836      0.000000000
     2.891782360      6.635557759 0      -0.639294365      0.000000000
     3.152004758      7.470555617 0      -0.249970442      0.000000000
     5.346826412      5.305815712 0      -1.911550520      0.000000000
     0.010212702      3.132712543 0      -0.090776833      0.000000000
     7.569870427      4.733157378 0      -0.357215650      0.000000000
     6.412913156     -0.085724835 0       0.004240809      0.000000000
     3.370395355      1.997215722 0      -1.487737297      0.000000000
     3.953430996      1.098820123 0      -0.635237858      0.000000000
     7.738909552      5.332581087 0      -0.297204795      0.000000000
     4.984473440      5.093968949 0      -2.381441439      0.000000000
     2.574936422      0.521385947 0      -0.180897797      0.000000000
     0.299979386      0.902688506 0       0.004487809      0.000000000
     4.318543132      3.163119560 0      -3.011526851      0.000000000
     4.911963730      7.308782749 0      -0.484523590      0.000000000
     2.632129887      7.638531061 0      -0.131693537      0.000000000
     5.897896328      4.742597331 0      -1.669877778      0.000000000
     6.024682131      3.437889166 0      -1.428172178      0.000000000
     2.650965035      6.445359654 0      -0.683080764      0.000000000
     5.728006812      0.585215106 0      -0.141060273      0.000000000
     4.891310297      1.589308658 0      -0.903581900      0.000000000
     3.820192097      7.647025541 0      -0.262220580      0.000000000
     4.405736684      5.866119884 0      -1.777115688      0.000000000
     4.081278707      1.575543287 0      -1.078282620      0.000000000
     6.106872469     -0.082456690 0      -0.008208940      0.000000000
     4.532205887      7.169820756 0      -0.556590616      0.000000000
     1.869718953      3.589396030 0      -1.392843639      0.000000000
     3.836014953      4.654817018 0      -3.211948228      0.000000000
     6.000421129      6.437129770 0      -0.793115693      0.000000000
     7.505315482      3.617301171 0      -0.296997909      0.000000000
     4.319379596      7.898993550 0      -0.213712814      0.000000000
     7.433148607      6.804312656 0      -0.261479155      0.000000000
     3.181645818      6.889985494 0      -0.550402204      0.000000000
     5.831734651      5.130855496 0      -1.588500146      0.000000000
     0.969222322      2.320956971 0      -0.300216559      0.000000000
     6.887690494      5.040009241 0      -0.730300276      0.000000000
     1.649051510      4.303170913 0      -1.131735270      0.000000000
     2.405934540     -0.022146116 0      -0.047779383      0.000000000
     2.354307683      5.497418991 0      -1.253131315      0.000000000
     4.330553766      5.413094586 0      -2.354428027      0.000000000
     3.579413391      6.941105636 0      -0.603438949      0.000000000
     2.048748754      6.197990653 0      -0.563764985      0.000000000
     1.012407365      0.986642947 0      -0.062869627      0.000000000
     7.169531998      1.539605149 0      -0.090154643      0.000000000
     4.250606167      5.969607986 0      -1.661471386      0.000000000
     6.819564761      2.089156079 0      -0.289433886      0.000000000
     0.501296798      1.503493540 0      -0.053409298      0.000000000
     7.268817912      3.176612452 0      -0.338364651      0.000000000
     3.017889834      2.031864600 0      -1.370945679      0.000000000
     1.348168715      6.730611435 0      -0.141248391      0.000000000
     2.748546376      2.916847311 0      -2.095613164      0.000000000
     3.761784411      4.185453653 0      -3.471502305      0.000000000
     3.673327191      1.727478983 0      -1.237832427      0.000000000
     0.581182711      5.047482868 0      -0.230452451      0.000000000
     4.489901900      3.513054663 0      -3.201897390      0.000000000
     1.449074466      0.258953628 0      -0.022050319      0.000000000
     5.080203981      6.631254083 0      -0.908623158      0.000000000
     5.799055117      1.850516175 0      -0.672801019      0.000000000
     3.447882377      7.382175178 0      -0.328761276      0.000000000
     2.280349400      1.176224497 0      -0.382233221      0.000000000
     4.484189702      0.388621420 0      -0.209763452      0.000000000
     1.801006272      7.765973497 0      -0.032985842      0.000000000
     3.554084514      6.258241602 0      -1.206603065      0.000000000
     5.405971863      4.019803512 0      -2.381093586      0.000000000
     6.508831901      2.006822883 0      -0.391877836      0.000000000
     6.667918525      4.211385575 0      -0.914294837      0.000000000
     7.751180605      1.761465072 0      -0.031846076      0.000000000
     1.566549230      1.050407614 0      -0.162638015      0.000000000
     2.728819055      6.962361114 0      -0.393959782      0.000000000
     6.731516285      3.812842758 0      -0.808670605      0.000000000
    -0.092965153      0.127184395 0       0.033651330      0.000000000
     2.408558352      5.503195480 0      -1.295141595      0.000000000
     5.544447462      2.446869781 0      -1.292769183      0.000000000
     2.099138389      6.235779099 0      -0.566974520      0.000000000
     2.375472051      3.424032363 0      -1.988847010      0.000000000
     5.672774458      4.711856187 0      -1.932851930      0.000000000
     2.591046869      4.288073529 0      -2.338564111      0.000000000
     0.682199907      7.265693037 0      -0.001283742      0.000000000
     5.682897056      2.470039058 0      -1.192396309      0.000000000
     2.045131561      1.195027492 0      -0.323588840      0.000000000
     1.210579563      4.319289462 0      -0.703870272      0.000000000
     3.647245478      5.205711500 0      -2.549246502      0.000000000
     4.631505255      0.603107522 0      -0.285600775      0.000000000
     7.847890811      5.214337475 0      -0.261194589      0.000000000
     5.573651249      2.072219908 0      -0.963961822      0.000000000
     1.404837065      7.838002722 0      -0.003517852      0.000000000
     0.816387186      5.089322631 0      -0.322784871      0.000000000
     3.639464728      3.707336774 0      -3.410413279      0.000000000
     3.287390677      0.241521310 0      -0.156590000      0.000000000
     6.960570008      0.233495105 0       0.007949263      0.000000000
     1.207148767      4.148615876 0      -0.716906891      0.000000000
    -0.084380814      1.797093690 0      -0.010146070      0.000000000
     4.564891745      6.811214613 0      -0.806581699      0.000000000
     2.474475574      3.581351908 0      -2.178893294      0.000000000
     0.821344747      0.130615257 0       0.015287550      0.000000000
     7.349711547      2.842002432 0      -0.247943521      0.000000000
     7.361043435      7.018100128 0      -0.243632576      0.000000000
     0.579429116      2.302278095 0      -0.162633591      0.000000000
     0.079980072      5.504635849 0      -0.059851872      0.000000000
     3.767278797      1.193530657 0      -0.708635226      0.000000000
     2.451228076      7.261176407 0      -0.212203079      0.000000000
     0.854662805      2.462318927 0      -0.282702975      0.000000000
     5.248654054      2.662884050 0      -1.757561790      0.000000000
     5.761226227      7.645831335 0      -0.314069906      0.000000000
     1.613337943      6.905680732 0      -0.154631794      0.000000000
     1.641705465      5.135334361 0      -0.851066574      0.000000000
     5.270880799      6.909449746 0      -0.693216741      0.000000000
     1.074061755      2.331832895 0      -0.348423359      0.000000000
     7.549282252      0.427284258 0       0.020743535      0.000000000
     5.904071037      3.766356750 0      -1.684903459      0.000000000
     5.795595458      5.228505702 0      -1.573262000      0.000000000
     5.403501728      6.174747567 0      -1.177678811      0.000000000
     4.617779783      6.957909886 0      -0.697794699      0.000000000
     0.678738440      0.719104429 0      -0.007990348      0.000000000
     5.760484318      5.090144525 0      -1.676155480      0.000000000
     0.828249835      4.209464380 0      -0.437586080      0.000000000
     2.062600953      4.237619739 0      -1.644888202      0.000000000
     2.003758262      6.358416777 0      -0.460709144      0.000000000
     6.135751419      6.027496053 0      -0.933569923      0.000000000
     2.440082426      1.153581227 0      -0.416138059      0.000000000
     7.749648736      0.021403585 0       0.032470958      0.000000000
     2.209585773      6.888792660 0      -0.294149922      0.000000000
     5.851493010      0.584745380 0      -0.124697624      0.000000000
     6.566601832      6.758765788 0      -0.491660546      0.000000000
     3.964696644      4.431331733 0      -3.395965149      0.000000000
     6.877783156      2.613556624 0      -0.406655647      0.000000000
     2.936620538      3.905252232 0      -2.841568043      0.000000000
     6.915123258      5.621563329 0      -0.640162050      0.000000000
     3.695504318      0.070804133 0      -0.122258277      0.000000000
     2.933975924      3.140789492 0      -2.483635698      0.000000000
     7.141550515      6.118810311 0      -0.456476991      0.000000000
     6.921852713      7.501404575 0      -0.229572198      0.000000000
     3.976715182      4.103083346 0      -3.526147626      0.000000000
     2.121181610      4.424230544 0      -1.669630081      0.000000000
     7.554993160      3.430604790 0      -0.254598658      0.000000000
     2.353985582      7.050074782 0      -0.266744854      0.000000000
     0.208567609      2.122741349 0      -0.064093965      0.000000000
     0.586886238      0.938909293 0      -0.016090896      0.000000000
     6.916937480      1.361750038 0      -0.107987080      0.000000000
     3.731145663      5.326762887 0      -2.426375357      0.000000000
     5.511383272      6.553778866 0      -0.874948740      0.000000000
     7.329178965      4.285224640 0      -0.450494196      0.000000000
     5.382634395      3.434367589 0      -2.222381349      0.000000000
     3.873908306      6.393112593 0      -1.139986684      0.000000000
     0.087585038      0.387345126 0       0.027293758      0.000000000
     7.844037276      1.971753743 0      -0.035969246      0.000000000
     4.944686541      4.421474512 0      -2.871299830      0.000000000
     0.165925307      3.780096809 0      -0.149606926      0.000000000
     7.917364841      7.261010526 0      -0.117846270      0.000000000
     2.682516744      4.976196903 0      -2.024318186      0.000000000
     2.156146867      1.738435731 0      -0.645143764      0.000000000
     6.729130611      3.045328055 0      -0.622440767      0.000000000
     4.020323847      5.748951256 0      -1.930998719      0.000000000
     0.806105750     -0.067132114 0       0.022380214      0.000000000
     5.385587040      7.183790516 0      -0.529708844      0.000000000
     3.561573974      3.982964053 0      -3.415792088      0.000000000
     3.205854418      4.736862548 0      -2.770461936      0.000000000
     3.715947136      0.850910941 0      -0.454918223      0.000000000
     5.926380160      6.263693626 0      -0.910651509      0.000000000
    -0.079106300      4.693851450 0      -0.074042381      0.000000000
     0.374682990      6.161756654 0      -0.053750650      0.000000000
     0.356030264      2.044684285 0      -0.082410995      0.000000000
     0.585569812      7.535763220 0       0.015333030      0.000000000
     1.424727242      7.114015234 0      -0.083995259      0.000000000
     3.174572967      2.748086577 0      -2.306124871      0.000000000
     6.206550599      3.556690908 0      -1.263921807      0.000000000
     5.913509842      4.140437498 0      -1.729257528      0.000000000
     2.774635066      6.832044249 0      -0.476704624      0.000000000
     0.261971238      1.596308641 0      -0.032120465      0.000000000
     3.167304463      0.203531039 0      -0.139220651      0.000000000
     6.021423008      3.273472668 0      -1.360621018      0.000000000
     1.828182926      2.225522632 0      -0.739293564      0.000000000
     3.852794031      2.695515158 0      -2.532754442      0.000000000
     6.948936636      0.377380573 0      -0.000389833      0.000000000
     6.117794690      5.509851451 0      -1.177400558      0.000000000
    -0.094626302      0.120588134 0       0.033735299      0.000000000
     6.753775627      1.678809320 0      -0.207475121      0.000000000
     1.121844319      4.405540121 0      -0.622205904      0.000000000
     2.877171312      5.928174209 0      -1.245343527      0.000000000
     5.608217065      1.568024905 0      -0.589225639      0.000000000
    -0.029633744      1.637144425 0      -0.007426276      0.000000000
     1.757711567      4.825134987 0      -1.092126709      0.000000000
     7.680123597      3.030039193 0      -0.166004781      0.000000000
     2.539763857      7.188130497 0      -0.253807988      0.000000000
     5.790615617      5.760044782 0      -1.271364033      0.000000000
     2.226507602      1.891008192 0      -0.782657864      0.000000000
     1.249112775      4.362923828 0      -0.730774277      0.000000000
     7.296526917      0.821045177 0      -0.007636017      0.000000000
    -0.058737257      2.109681098 0      -0.027450293      0.000000000
     6.753429465      6.213327945 0      -0.587629269      0.000000000
     0.135622565      2.453887694 0      -0.076262911      0.000000000
     1.917809571      7.795429669 0      -0.037867859      0.000000000
     6.814567519      0.659004143 0      -0.030827081      0.000000000
     0.682137373      2.325706169 0      -0.196581273      0.000000000
     1.886195337      1.740046879 0      -0.515215794      0.000000000
     0.585307190      4.954132576 0      -0.243391939      0.000000000
     5.653007687      0.882684975 0      -0.243041258      0.000000000
     7.368656027      5.862523259 0      -0.404761782      0.000000000
     4.901690653      5.597784915 0      -1.934348260      0.000000000
     0.008460516      6.843445010 0       0.014104023      0.000000000
     0.473278476      0.555549840 0       0.011069471      0.000000000
     3.078759414      0.735147939 0      -0.330921543      0.000000000
     0.330057250      3.474786499 0      -0.194142576      0.000000000
     4.080532406      6.548389158 0      -1.013201328      0.000000000
     3.270163360     -0.045222512 0      -0.084520676      0.000000000
     1.411993925      3.445215565 0      -0.868307937      0.000000000
     6.285586257      6.414081176 0      -0.701995151      0.000000000
     2.845194997      5.300208194 0      -1.877758786      0.000000000
     4.609175966      5.696816687 0      -1.938508994      0.000000000
     3.808111165      1.114044562 0      -0.645280328      0.000000000
     4.403477706      7.570410447 0      -0.341259072      0.000000000
     5.190421034      3.424428041 0      -2.453949029      0.000000000
     1.668453499      0.419694434 0      -0.057465551      0.000000000
     1.437113398      0.178594036 0      -0.014210726      0.000000000
     7.606165281      0.383157166 0       0.023428013      0.000000000
     4.206922639      1.422531217 0      -0.908952368      0.000000000
     6.675706219      7.806191421 0      -0.195516342      0.000000000
     2.948386850      7.837066441 0      -0.117944072      0.000000000
     5.985831439      4.574691749 0      -1.610477829      0.000000000
     5.077486718      3.777039831 0      -2.752688140      0.000000000
     4.568579862      2.297147313 0      -1.836031288      0.000000000
     4.653723498      5.501427500 0      -2.152112885      0.000000000
     2.873596399      6.392597711 0      -0.817603380      0.000000000
     2.332699668      7.301438204 0      -0.179894869      0.000000000
     5.557786888      5.030109222 0      -1.907099647      0.000000000
     0.779436879      4.052756284 0      -0.414385357      0.000000000
     2.584761430      5.791473511 0      -1.181791914      0.000000000
     2.090601779      0.312796403 0      -0.078934308      0.000000000
     0.941025056      0.232602636 0       0.006363196      0.000000000
     6.970224415      1.464011578 0      -0.114692254      0.000000000
     1.811434506      0.158314020 0      -0.034932283      0.000000000
     1.609237870      1.075643523 0      -0.177512639      0.000000000
     5.592816768      0.232739838 0      -0.079428311      0.000000000
     0.471544099      3.581465218 0      -0.252611387      0.000000000
     6.175180525      3.324058832 0      -1.214222040      0.000000000
     2.556769909      6.218769072 0      -0.806622782      0.000000000
     5.403562694      0.750781774 0      -0.241229447      0.000000000
     4.214563438      2.622896595 0      -2.403095770      0.000000000
     1.177814147      3.172665363 0      -0.617379877      0.000000000
     6.876858823      2.003425083 0      -0.247376759      0.000000000
     1.993720681      6.610114602 0      -0.344174611      0.000000000
     1.343369642      7.725228876 0      -0.008323396      0.000000000
     2.777763156      7.638124192 0      -0.148564886      0.000000000
    -0.073249165      5.971432220 0      -0.015053414      0.000000000
     1.369308687      2.509631903 0      -0.562454955      0.000000000
     4.445495084      3.230378294 0      -3.009866214      0.000000000
     6.437634924      0.360091147 0      -0.030195745      0.000000000
     7.778173768      3.709968964 0      -0.205977397      0.000000000
     4.085271776      4.192468525 0      -3.498873508      0.000000000
     7.124470094      6.759797478 0      -0.343665499      0.000000000
     4.390594999      1.547907064 0      -1.007497255      0.000000000
     5.910124110      1.452641087 0      -0.407761320      0.000000000
     6.987616686      2.348459068 0      -0.289440380      0.000000000
     3.683201779      2.501767540 0      -2.244290558      0.000000000
     7.527853838      3.147162203 0      -0.228478901      0.000000000
     7.363171239      4.561335674 0      -0.448748995      0.000000000
     4.673206332      3.128780002 0      -2.752211026      0.000000000
     5.726346241      4.436966635 0      -1.943497148      0.000000000
     1.653981671      1.082397000 0      -0.188705529      0.000000000
     7.444866540      1.301586629 0      -0.029473129      0.000000000
     5.709342921      2.887523545 0      -1.478367016      0.000000000
     3.593695752      5.937425277 0      -1.590978334      0.000000000
     4.160743303      6.746538436 0      -0.841755762      0.000000000
     1.471783794      7.831315783 0      -0.007296242      0.000000000
     3.929378370      7.801951922 0      -0.217191869      0.000000000
     6.999019338      0.219603272 0       0.010099614      0.000000000
     3.603384533      4.213054059 0      -3.396300848      0.000000000
     3.406895296      4.367373174 0      -3.202782757      0.000000000
     6.310793331      7.025931793 0      -0.463193022      0.000000000
     4.594317668      5.806689867 0      -1.813382496      0.000000000
     1.158961138      0.499557138 0      -0.024468311      0.000000000
     5.570267086      5.427549098 0      -1.643306239      0.000000000
     4.020853376      6.434465142 0      -1.119471636      0.000000000
     2.326353316      7.941676297 0      -0.048290342      0.000000000
     3.843393947      2.615527948 0      -2.425231941      0.000000000
     5.140997913      2.178815569 0      -1.355136716      0.000000000
     7.121574273      3.719378752 0      -0.508528917      0.000000000
     2.435688552      6.800653851 0      -0.394689232      0.000000000
     3.127379758      2.570674777 0      -2.065319022      0.000000000
     2.265457839      1.260965019 0      -0.419377410      0.000000000
     3.191303045      5.188305723 0      -2.294297236      0.000000000
     4.066902889      5.216505472 0      -2.625828049      0.000000000
     6.432736503      5.095103929 0      -1.062755568      0.000000000
     2.707821328      5.328094357 0      -1.723995619      0.000000000
     5.316761043      6.770342843 0      -0.774399983      0.000000000
     5.383220800      0.951817926 0      -0.327540968      0.000000000
     4.530090795      7.765176720 0      -0.270889866      0.000000000
     5.659492411      1.310704051 0      -0.425416096      0.000000000
     7.654939305      0.395758372 0       0.024315105      0.000000000
     4.418433553      4.050816043 0      -3.403181230      0.000000000
     3.736098361      7.294211085 0      -0.412027965      0.000000000
     5.324145626      2.099769102 0      -1.154565243      0.000000000
     1.226989433      3.872581244 0      -0.740917069      0.000000000
    -0.088318117      1.860297249 0      -0.012619322      0.000000000
     5.436920058      3.284908515 0      -2.065262618      0.000000000
     7.297244526      6.771659027 0      -0.298560310      0.000000000
     2.073569694      1.271372550 0      -0.364441430      0.000000000
     5.633279555      5.587488614 0      -1.487209233      0.000000000
     4.539221478      0.973177722 0      -0.498798052      0.000000000
     0.005989920      2.939875080 0      -0.081026877      0.000000000
     0.581317875      0.322154352 0       0.015946410      0.000000000
     4.915608928      0.245044132 0      -0.135938754      0.000000000
     3.794295514      7.473667087 0      -0.331304148      0.000000000
     0.586877156      1.998231340 0      -0.123917096      0.000000000
     5.467251332      0.524489357 0      -0.158842221      0.000000000
     0.542681660      3.642963779 0      -0.286027877      0.000000000
     6.842177030      2.838462968 0      -0.488922918      0.000000000
     1.019517813      1.299158085 0      -0.108439416      0.000000000
     2.000917308      3.216158736 0      -1.431447547      0.000000000
     6.108426974      3.849797374 0      -1.453715484      0.000000000
     2.559354782      3.639502004 0      -2.310042761      0.000000000
     6.013103635      1.463533638 0      -0.375975754      0.000000000
     3.715775591      2.539931330 0      -2.303185972      0.000000000
     4.125261206      4.375982245 0      -3.418148747      0.000000000
     5.397547661      4.780021489 0      -2.211501052      0.000000000
     3.919298633      4.794918938 0      -3.096381277      0.000000000
     4.393462148      6.306607767 0      -1.273624024      0.000000000
     4.944559970      1.527189548 0      -0.829010926      0.000000000
     5.955230574      3.591218021 0      -1.568342851      0.000000000
     5.586729746      4.415052442 0      -2.120648011      0.000000000
     7.643842347      0.688126338 0       0.015785340      0.000000000
     5.092024895      2.283868879 0      -1.498778428      0.000000000
     0.991868399      0.961127745 0      -0.057290217      0.000000000
     3.558592037      7.378369083 0      -0.345975177      0.000000000
     6.931030675      7.015611769 0      -0.334583779      0.000000000
     2.986043817      5.367426910 0      -1.927052424      0.000000000
     5.102685527      6.219105897 0      -1.243240452      0.000000000
     1.732703792      4.328923885 0      -1.220802624      0.000000000
     7.799561243      3.362471105 0      -0.166843271      0.000000000
     1.908676469      6.065484633 0      -0.564543810      0.000000000
     1.841866967      6.855943276 0      -0.215974910      0.000000000
     0.103125531      0.362586409 0       0.027442687      0.000000000
     0.461554804      4.942547622 0      -0.199370852      0.000000000
     1.030063151      7.631385670 0       0.001505589      0.000000000
     5.165236043      5.450199788 0      -1.925098761      0.000000000
     4.256897610      2.780049813 0      -2.595082079      0.000000000
     1.349530997      1.596019506 0      -0.251650445      0.000000000
     7.496827969      4.188821231 0      -0.358976254      0.000000000
     5.151299942      6.826849974 0      -0.759937719      0.000000000
     1.694105819      6.446281943 0      -0.309173227      0.000000000
     1.048509961      5.051989953 0      -0.451873918      0.000000000
     3.189372143      5.115504288 0      -2.374825261      0.000000000
     5.457906942      2.371548112 0      -1.300373041      0.000000000
     7.096033884      1.326634430 0      -0.074076300      0.000000000
     3.543905461      6.439584498 0      -1.016615342      0.000000000
     7.454674045     -0.061556089 0       0.029738244      0.000000000
     6.267078519     -0.037083365 0      -0.004775297      0.000000000
     7.172839428      1.946314652 0      -0.150438563      0.000000000
     1.305186849      0.558449473 0      -0.042347476      0.000000000
     0.265309130      1.113807424 0      -0.003464432      0.000000000
     3.856256386      0.112351546 0      -0.135003121      0.000000000
     4.507719574      6.646340455 0      -0.943266772      0.000000000
     6.686059077      0.542356887 0      -0.029876090      0.000000000
     1.134575037      2.752549085 0      -0.489604763      0.000000000
     5.590934902      6.251468774 0      -1.050721593      0.000000000
     3.095345525      4.596795163 0      -2.777690492      0.000000000
     6.220964424      2.643380190 0      -0.849203534      0.000000000
     3.367583729      1.891778235 0      -1.360642739      0.000000000
     5.756463088      4.881189442 0      -1.774985022      0.000000000
     6.633279722      3.129010681 0      -0.719312340      0.000000000
     6.367045562      6.837162210 0      -0.517117707      0.000000000
     1.124747833      7.325946142 0      -0.026812732      0.000000000
     1.927141503      2.573455649 0      -1.014374970      0.000000000
     5.496238065      4.278499908 0      -2.257320842      0.000000000
     0.156900028      3.121844463 0      -0.124359107      0.000000000
     4.873523109      7.744794902 0      -0.291782734      0.000000000
    -0.029957376      3.374232804 0      -0.091011269      0.000000000
     7.758311379      5.939241865 0      -0.268376088      0.000000000
     4.408050280      7.174021784 0      -0.548110095      0.000000000
     2.747774652      0.152138847 0      -0.100044926      0.000000000
     5.691817382      6.326765851 0      -0.964347483      0.000000000
     2.548212177      3.181773300 0      -2.075312259      0.000000000
     6.558398066      1.473006290 0      -0.209836253      0.000000000
     4.189845842     -0.021699440 0      -0.099398395      0.000000000
    -0.065571068      3.420632710 0      -0.084847725      0.000000000
     1.134348400      5.841161609 0      -0.293719924      0.000000000
     4.157101413     -0.089514309 0      -0.085136677      0.000000000
     6.092254198     -0.076585503 0      -0.009319368      0.000000000
     1.754050452      4.889646127 0      -1.061338993      0.000000000
     2.694348484      1.388063738 0      -0.639545778      0.000000000
     0.544941666      3.570453090 0      -0.283940315      0.000000000
     6.051187464      1.404428287 0      -0.338673871      0.000000000
     3.082958622      6.722493869 0      -0.638428127      0.000000000
     2.409451588      6.305444752 0      -0.671899608      0.000000000
     6.168362566      5.621673073 0      -1.094601497      0.000000000
     1.662272825      4.078455571 0      -1.174800665      0.000000000
     4.964074457      6.674300832 0      -0.891193004      0.000000000
     1.274678869      0.722852155 0      -0.059517609      0.000000000
     4.237445227      6.943650134 0      -0.692017962      0.000000000
     5.456214593      3.815836796 0      -2.281621825      0.000000000
     1.318218176      3.388547904 0      -0.772964519      0.000000000
     1.628153128      7.061449023 0      -0.123258738      0.000000000
     5.346346694      2.614250485 0      -1.619595580      0.000000000
     5.311753395      0.559559111 0      -0.189204325      0.000000000
     3.304029270      3.780288749 0      -3.208428366      0.000000000
     2.318199360      4.109587444 0      -2.010385380      0.000000000
     4.155915813      1.353981017 0      -0.847845161      0.000000000
     0.587274066      4.307099947 0      -0.302389523      0.000000000
    -0.006215847      3.229943234 0      -0.091205457      0.000000000
     5.647115939      7.402385880 0      -0.410877731      0.000000000
     5.240422055      0.059730160 0      -0.073100951      0.000000000
     4.523760715      7.386819988 0      -0.434824453      0.000000000
     5.343986446      2.894756917 0      -1.875553891      0.000000000
     0.711425646      0.478599105 0       0.003967938      0.000000000
     6.292329319      3.022447220 0      -0.969123589      0.000000000
     5.394809516      4.542789786 0      -2.318897940      0.000000000
     3.841936416      4.188296537 0      -3.491377373      0.000000000
     4.650075557      6.376280620 0      -1.186026811      0.000000000
     2.978715601      3.533769893 0      -2.792313230      0.000000000
     1.124497083      4.659074661 0      -0.583986600      0.000000000
     2.306986922      2.771882865 0      -1.510849639      0.000000000
     5.759783179      7.062789063 0      -0.545649446      0.000000000
     0.086891659      6.584524786 0       0.000493390      0.000000000
     4.926407399      2.446875062 0      -1.799465003      0.000000000
     3.918540169      3.382377129 0      -3.292811967      0.000000000
     3.570591033      7.571551890 0      -0.264798875      0.000000000
     2.236347883      2.347882139 0      -1.123789646      0.000000000
     6.906603750      5.415618867 0      -0.676328034      0.000000000
     1.213227234      7.268222357 0      -0.040131066      0.000000000
     6.833475891      7.562822914 0      -0.228815919      0.000000000
     5.732409695     -0.079848719 0      -0.025785990      0.000000000
     7.509347802      2.251910809 0      -0.116311717      0.000000000
     5.742070984      7.171695829 0      -0.498883907      0.000000000
     6.002101938      4.893099894 0      -1.513867384      0.000000000
     7.638226567      2.717537970 0      -0.141560482      0.000000000
     6.616691001      6.522756203 0      -0.549567218      0.000000000
     0.853198872      3.222285315 0      -0.412187869      0.000000000
     0.910696880      7.199160081 0      -0.020943091      0.000000000
     5.430420059      5.216566770 0      -1.907206324      0.000000000
     0.785457966      5.531802811 0      -0.231423370      0.000000000
     5.330649624      6.199147515 0      -1.185535384      0.000000000
     5.034053234      3.357825524 0      -2.592583047      0.000000000
     3.687685644      6.137532505 0      -1.380871520      0.000000000
     2.783418503      2.829298456 0      -2.050308232      0.000000000
     4.143019794      1.635907089 0      -1.139499064      0.000000000
     1.593350576      2.162376441 0      -0.561334156      0.000000000
     0.286782713      2.185646035 0      -0.082694623      0.000000000
     5.624777262      0.254133128 0      -0.080687419      0.000000000
    -0.089993022      7.932783193 0       0.035364341      0.000000000
     5.899219570      6.127010713 0      -0.997407168      0.000000000
     4.590250644      6.282239424 0      -1.286390260      0.000000000
     2.001576843      6.128543692 0      -0.578414943      0.000000000
     3.565115270      0.809847153 0      -0.421361422      0.000000000
     4.512393323      4.897083927 0      -2.877695477      0.000000000
     3.318683742      7.061354936 0      -0.474268890      0.000000000
     0.833716242      5.627810098 0      -0.230713299      0.000000000
     2.309006154      0.435323850 0      -0.126175139      0.000000000
     0.140491615      2.714738719 0      -0.095311401      0.000000000
     5.885527651      7.018378918 0      -0.545764797      0.000000000
     0.663097511      0.930320501 0      -0.021565130      0.000000000
     7.420502928      6.610480401 0      -0.293131056      0.000000000
     6.005504504      6.306037878 0      -0.856889872      0.000000000
     6.110328686      7.866394692 0      -0.228071283      0.000000000
    -0.016340917      7.572470309 0       0.030705070      0.000000000
     3.842350711      5.722026956 0      -1.937371393      0.000000000
    -0.049068679      0.286572562 0       0.031246720      0.000000000
     6.037725360      0.946834341 0      -0.186945473      0.000000000
     6.813213837      0.690852226 0      -0.034067906      0.000000000
     1.898901948      3.288257543 0      -1.341567511      0.000000000
     4.567080826      1.510439760 0      -0.930310339      0.000000000
     4.253082310      2.545474394 0      -2.288697109      0.000000000
     6.816472102      0.235364564 0       0.001721301      0.000000000
     2.652066153      0.596028217 0      -0.215408458      0.000000000
     0.096711929      1.980988893 0      -0.038410917      0.000000000
     1.510324694      0.693809477 0      -0.082453396      0.000000000
     1.354235732      3.989944166 0      -0.856688111      0.000000000
     0.195938158      3.768360536 0      -0.158444493      0.000000000
     4.294468688      5.557731053 0      -2.176900753      0.000000000
     6.615205516      4.776433678 0      -0.957572712      0.000000000
     2.535948545      5.140861828 0      -1.726393903      0.000000000
     7.096983339      7.258896635 0      -0.250603193      0.000000000
     5.853314904      7.358583144 0      -0.409535886      0.000000000
     5.329575580     -0.095057557 0      -0.043656456      0.000000000
     6.536583502      5.964144620 0      -0.755577786      0.000000000
     3.720709610      5.401100372 0      -2.326358158      0.000000000
     5.542236736      4.907660223 0      -1.989914596      0.000000000
     0.458811025      7.757796356 0       0.025310561      0.000000000
     6.627930058      4.174092432 0      -0.947456097      0.000000000
     1.686155847     -0.018557055 0      -0.010551326      0.000000000
     2.547044005      5.389100341 0      -1.518102776      0.000000000
     2.319276305      1.028399234 0      -0.324957964      0.000000000
     2.943634599      3.993331039 0      -2.849785390      0.000000000
     1.087329745      6.670824331 0      -0.104097127      0.000000000
     2.345844497      6.741970715 0      -0.396197500      0.000000000
     4.514216854      3.477258575 0      -3.162044904      0.000000000
     6.146458089      2.024984932 0      -0.580382232      0.000000000
     3.058446028      3.211235291 0      -2.667421877      0.000000000
     4.662857789      5.870978560 0      -1.721875030      0.000000000
     6.739543270      1.542210001 0      -0.179875159      0.000000000
     6.475447224      2.097839107 0      -0.440882076      0.000000000
     2.122002322      5.914260792 0      -0.774108176      0.000000000
     5.351406701      6.907825889 0      -0.684258422      0.000000000
     5.311888495      1.124920135 0      -0.431026066      0.000000000
     4.075918004      7.258642957 0      -0.471450545      0.000000000
     6.150635648      1.877657457 0      -0.506353836      0.000000000
     0.721970050      2.490927005 0      -0.236551470      0.000000000
     3.024523545      6.316606193 0      -0.947874589      0.000000000
     0.508404271      4.636960952 0      -0.245008526      0.000000000
     6.222241039      3.984648066 0      -1.344306391      0.000000000
     6.904116075      6.415451193 0      -0.482382029      0.000000000
     5.536844724      5.596541658 0      -1.548167871      0.000000000
     2.762552164      3.367464629 0      -2.450770755      0.000000000
     0.007533545      5.009107057 0      -0.076547068      0.000000000
     5.806040010      4.095044132 0      -1.863189458      0.000000000
     5.674959016      1.745429568 0      -0.670618950      0.000000000
     5.542936911      5.345706127 0      -1.721369647      0.000000000
     3.683910863      1.653732878 0      -1.155131540      0.000000000
     2.553202213      5.666758481 0      -1.270939261      0.000000000
     0.223632771      5.249016013 0      -0.105400203      0.000000000
     4.340979826      6.300005714 0      -1.281403014      0.000000000
     1.153857960      4.330766077 0      -0.656321273      0.000000000
     1.402755737      5.773939975 0      -0.432517996      0.000000000
     3.948384709      0.364542459 0      -0.216929146      0.000000000
     5.312005021      2.645563394 0      -1.681232701      0.000000000
     2.126448712      0.483640821 0      -0.116586240      0.000000000
     0.882659897      2.352600270 0      -0.272116416      0.000000000
     3.231822605      1.196493282 0      -0.643345438      0.000000000
     4.596662018      6.814694269 0      -0.803773045      0.000000000
     3.307221708      5.841316608 0      -1.585190008      0.000000000
     7.730292242      5.406777772 0      -0.299005141      0.000000000
     4.750486475      4.719874306 0      -2.876359935      0.000000000
     6.085766049      5.084620481 0      -1.369524264      0.000000000
     0.060482553      3.263529303 0      -0.107417820      0.000000000
     0.459891976      6.079482260 0      -0.074230643      0.000000000
     2.327338404      3.793220693 0      -2.026303092      0.000000000
     4.410573023      4.254484431 0      -3.367501530      0.000000000
     7.524764499      7.184268392 0      -0.188098672      0.000000000
     4.800133966      2.908289766 0      -2.420644433      0.000000000
     4.170741751      4.979045450 0      -2.901197860      0.000000000
     1.908023688      2.802208216 0      -1.126400704      0.000000000
     7.605770795      4.880234864 0      -0.346011140      0.000000000
     6.575225059      1.267953727 0      -0.156904541      0.000000000
     6.325076752      6.348874781 0      -0.713115630      0.000000000
     7.922793538      7.128781266 0      -0.129853739      0.000000000
     5.443088144      6.011279097 0      -1.287218280      0.000000000
     5.526465547      0.510080241 0      -0.147573557      0.000000000
     6.178908101      4.519957003 0      -1.402975162      0.000000000
     4.532645023      7.682185832 0      -0.302344486      0.000000000
     6.257339657      6.132861796 0      -0.828789169      0.000000000
     0.187204705      7.216099824 0       0.018569815      0.000000000
     5.698191375      1.619678647 0      -0.581302420      0.000000000
     2.956344324      4.923388982 0      -2.360970363      0.000000000
     6.226607930      1.489071770 0      -0.313342622      0.000000000
     2.319416030      2.501464594 0      -1.314164707      0.000000000
     1.849154373      1.411158596 0      -0.351404370      0.000000000
     0.675086022      5.304657808 0      -0.229464227      0.000000000
     6.369083980      1.191513920 0      -0.183401654      0.000000000
     7.813043692      0.895074675 0       0.015413748      0.000000000
     0.413258727      7.860903848 0       0.028337020      0.000000000
     0.683810231      0.904375918 0      -0.021294487      0.000000000
     2.624492618      1.266907311 0      -0.535561496      0.000000000
     0.051525045      6.397613739 0      -0.005446571      0.000000000
     2.089417320      3.092962017 0      -1.475235116      0.000000000
     5.411327016      5.015562272 0      -2.060537310      0.000000000
     2.200544461      5.353211188 0      -1.226748998      0.000000000
    -0.088282589      7.670151946 0       0.032903453      0.000000000
     5.075624862      4.351543847 0      -2.754374508      0.000000000
     3.559588678      2.395421943 0      -2.066238263      0.000000000
     2.124003829      7.119130147 0      -0.196528324      0.000000000
     6.213354753      7.858624943 0      -0.223137020      0.000000000
     3.160017626      7.516479434 0      -0.234226345      0.000000000
     7.075880630      0.542512987 0      -0.003700886      0.000000000
     5.034791090      7.934099318 0      -0.232001011      0.000000000
     0.012422814      6.824646926 0       0.013345126      0.000000000
     0.256907717      2.512457346 0      -0.105033050      0.000000000
     7.065983493      5.861347590 0      -0.528710882      0.000000000
     5.734882035      3.898958807 0      -1.932031903      0.000000000
     0.780902967      6.182953034 0      -0.121526329      0.000000000
     4.340759270      1.726666273 0      -1.211477598      0.000000000
     4.920471245     -0.041519002 0      -0.071759190      0.000000000
     6.164037615      6.268768668 0      -0.810704779      0.000000000
     1.884605374      5.392902080 0      -0.924714861      0.000000000
     5.601914782      2.676165587 0      -1.428581815      0.000000000
     2.975049646      5.430649789 0      -1.848035358      0.000000000
     7.460416139      1.442903434 0      -0.039358837      0.000000000
     2.015504937      3.200838550 0      -1.441766142      0.000000000
     5.672232676      3.190157878 0      -1.721021779      0.000000000
     4.894992213      2.971187594 0      -2.402360471      0.000000000
