600
     0.809687613      4.697163838 0       0.152106490      0.100000000
     6.859469690      1.313995299 0      -0.030048100      0.100000000
     4.034493280      6.758666529 0      -0.054615178      0.100000000
     0.174964715      2.924165476 0       0.123933461      0.100000000
     3.739550023      3.982670029 0      -0.215660417      0.100000000
     3.247811418      6.949540937 0       0.054211328      0.100000000
     5.817536390      3.283853603 0      -0.032049851      0.100000000
     5.585773348      7.722322210 0       0.076009730      0.100000000
     6.968418486      0.193670974 0      -0.025475594      0.100000000
     6.768512929      7.017399374 0       0.000598262      0.100000000
     7.932788414      5.431909526 0       0.149935503      0.100000000
     5.923497054      2.093475650 0       0.036815033      0.100000000
     4.927650350      0.800349997 0      -0.155153571      0.100000000
     1.749275178      4.441764980 0      -0.251532272      0.100000000
     4.845888705      5.513014678 0      -0.217978054      0.100000000
     3.489523966      5.925106957 0      -0.018152193      0.100000000
     3.883746041      4.230505175 0      -0.333697583      0.100000000
     0.883837614      4.739198940 0       0.207724599      0.100000000
     1.827331959      1.256956330 0       0.009311612      0.100000000
     2.110797815      0.977543624 0      -0.066517655      0.100000000
     7.629793746      2.285999330 0      -0.068924859      0.100000000
     7.811662595      6.114494220 0      -0.000994669      0.100000000
     2.587403517      7.427237764 0      -0.045081823      0.100000000
     2.891782360      6.635557759 0       0.137425697      0.100000000
     3.152004758      7.470555617 0       0.275717000      0.100000000
     5.346826412      5.305815712 0      -0.001968246      0.100000000
     0.010212702      3.132712543 0       0.144867004      0.100000000
     7.569870427      4.733157378 0       0.034647174      0.100000000
     6.412913156     -0.085724835 0      -0.004898028      0.100000000
     3.370395355      1.997215722 0       0.086056839      0.100000000
     3.953430996      1.098820123 0       0.020893918      0.100000000
     7.738909552      5.332581087 0       0.211297267      0.100000000
     4.984473440      5.093968949 0      -0.068696238      0.100000000
     2.574936422      0.521385947 0      -0.176745057      0.100000000
     0.299979386      0.902688506 0       0.056030895      0.100000000
     4.318543132      3.163119560 0      -0.126428970      0.100000000
     4.911963730      7.308782749 0      -0.073067500      0.100000000
     2.632129887      7.638531061 0       0.168608908      0.100000000
     5.897896328      4.742597331 0      -0.141923811      0.100000000
     6.024682131      3.437889166 0       0.004254385      0.100000000
     2.650965035      6.445359654 0      -0.062747762      0.100000000
     5.728006812      0.585215106 0       0.049110975      0.100000000
     4.891310297      1.589308658 0      -0.158481826      0.100000000
     3.820192097      7.647025541 0      -0.116341626      0.100000000
     4.405736684      5.866119884 0      -0.147114954      0.100000000
     4.081278707      1.575543287 0      -0.066940192      0.100000000
     6.106872469     -0.082456690 0      -0.040039791      0.100000000
     4.532205887      7.169820756 0       0.002395637      0.100000000
     1.869718953      3.589396030 0      -0.002511829      0.100000000
     3.836014953      4.654817018 0      -0.228080753      0.100000000
     6.000421129      6.437129770 0       0.137646201      0.100000000
     7.505315482      3.617301171 0       0.034047627      0.100000000
     4.319379596      7.898993550 0      -0.057520179      0.100000000
     7.433148607      6.804312656 0       0.022857691      0.100000000
     3.181645818      6.889985494 0      -0.038434953      0.100000000
     5.831734651      5.130855496 0       0.008260505      0.100000000
     0.969222322      2.320956971 0      -0.101980326      0.100000000
     6.887690494      5.040009241 0       0.025062396      0.100000000
     1.649051510      4.303170913 0      -0.054725942      0.100000000
     2.405934540     -0.022146116 0      -0.116891277      0.100000000
     2.354307683      5.497418991 0       0.037307798      0.100000000
     4.330553766      5.413094586 0      -0.106685657      0.100000000
     3.579413391      6.941105636 0       0.092676750      0.100000000
     2.048748754      6.197990653 0       0.064795856      0.100000000
     1.012407365      0.986642947 0       0.159537071      0.100000000
     7.169531998      1.539605149 0       0.054505290      0.100000000
     4.250606167      5.969607986 0      -0.052142506      0.100000000
     6.819564761      2.089156079 0      -0.191886041      0.100000000
     0.501296798      1.503493540 0      -0.066126005      0.100000000
     7.268817912      3.176612452 0       0.039418794      0.100000000
     3.017889834      2.031864600 0      -0.174781465      0.100000000
     1.348168715      6.730611435 0       0.091062997      0.100000000
     2.748546376      2.916847311 0      -0.287336297      0.100000000
     3.761784411      4.185453653 0      -0.148603936      0.100000000
     3.673327191      1.727478983 0      -0.099713669      0.100000000
     0.581182711      5.047482868 0       0.108375043      0.100000000
     4.489901900      3.513054663 0      -0.079094171      0.100000000
     1.449074466      0.258953628 0       0.022765497      0.100000000
     5.080203981      6.631254083 0       0.041853536      0.100000000
     5.799055117      1.850516175 0      -0.169619450      0.100000000
     3.447882377      7.382175178 0       0.051748907      0.100000000
     2.280349400      1.176224497 0      -0.088291079      0.100000000
     4.484189702      0.388621420 0       0.187662257      0.100000000
     1.801006272      7.765973497 0       0.009695627      0.100000000
     3.554084514      6.258241602 0       0.157392047      0.100000000
     5.405971863      4.019803512 0      -0.196425086      0.100000000
     6.508831901      2.006822883 0       0.143636511      0.100000000
     6.667918525      4.211385575 0      -0.084921320      0.100000000
     7.751180605      1.761465072 0       0.059303917      0.100000000
     1.566549230      1.050407614 0       0.052702327      0.100000000
     2.728819055      6.962361114 0       0.169723191      0.100000000
     6.731516285      3.812842758 0      -0.021592125      0.100000000
    -0.092965153      0.127184395 0      -0.089463510      0.100000000
     2.408558352      5.503195480 0      -0.169075348      0.100000000
     5.544447462      2.446869781 0      -0.065162117      0.100000000
     2.099138389      6.235779099 0       0.145259131      0.100000000
     2.375472051      3.424032363 0      -0.029523903      0.100000000
     5.672774458      4.711856187 0       0.007218363      0.100000000
     2.591046869      4.288073529 0      -0.007048631      0.100000000
     0.682199907      7.265693037 0       0.086715424      0.100000000
     5.682897056      2.470039058 0       0.195754636      0.100000000
     2.045131561      1.195027492 0       0.041667433      0.100000000
     1.210579563      4.319289462 0       0.076242582      0.100000000
     3.647245478      5.205711500 0      -0.246914330      0.100000000
     4.631505255      0.603107522 0      -0.011998622      0.100000000
     7.847890811      5.214337475 0       0.097066829      0.100000000
     5.573651249      2.072219908 0       0.103318943      0.100000000
     1.404837065      7.838002722 0       0.154874487      0.100000000
     0.816387186      5.089322631 0      -0.000858798      0.100000000
     3.639464728      3.707336774 0      -0.110739716      0.100000000
     3.287390677      0.241521310 0       0.043599716      0.100000000
     6.960570008      0.233495105 0      -0.052317515      0.100000000
     1.207148767      4.148615876 0       0.080588338      0.100000000
    -0.084380814      1.797093690 0      -0.019941657      0.100000000
     4.564891745      6.811214613 0       0.102899736      0.100000000
     2.474475574      3.581351908 0      -0.196219011      0.100000000
     0.821344747      0.130615257 0      -0.091252211      0.100000000
     7.349711547      2.842002432 0       0.046417305      0.100000000
     7.361043435      7.018100128 0       0.011842128      0.100000000
     0.579429116      2.302278095 0      -0.048858171      0.100000000
     0.079980072      5.504635849 0       0.120615774      0.100000000
     3.767278797      1.193530657 0       0.034169700      0.100000000
     2.451228076      7.261176407 0       0.166214036      0.100000000
     0.854662805      2.462318927 0      -0.204688895      0.100000000
     5.248654054      2.662884050 0       0.048636375      0.100000000
     5.761226227      7.645831335 0      -0.052184997      0.100000000
     1.613337943      6.905680732 0       0.058809918      0.100000000
     1.641705465      5.135334361 0      -0.103075236      0.100000000
     5.270880799      6.909449746 0       0.071700714      0.100000000
     1.074061755      2.331832895 0       0.008348248      0.100000000
     7.549282252      0.427284258 0       0.052426941      0.100000000
     5.904071037      3.766356750 0      -0.166835087      0.100000000
     5.795595458      5.228505702 0      -0.204064345      0.100000000
     5.403501728      6.174747567 0      -0.057463948      0.100000000
     4.617779783      6.957909886 0      -0.037318824      0.100000000
     0.678738440      0.719104429 0       0.006853542      0.100000000
     5.760484318      5.090144525 0      -0.130431786      0.100000000
     0.828249835      4.209464380 0       0.107864583      0.100000000
     2.062600953      4.237619739 0      -0.044106636      0.100000000
     2.003758262      6.358416777 0       0.024255917      0.100000000
     6.135751419      6.027496053 0      -0.102403770      0.100000000
     2.440082426      1.153581227 0       0.014307889      0.100000000
     7.749648736      0.021403585 0       0.001383590      0.100000000
     2.209585773      6.888792660 0      -0.036283805      0.100000000
     5.851493010      0.584745380 0       0.184650598      0.100000000
     6.566601832      6.758765788 0      -0.061176585      0.100000000
     3.964696644      4.431331733 0      -0.170183711      0.100000000
     6.877783156      2.613556624 0      -0.025601230      0.100000000
     2.936620538      3.905252232 0      -0.078631394      0.100000000
     6.915123258      5.621563329 0      -0.124170562      0.100000000
     3.695504318      0.070804133 0       0.115371489      0.100000000
     2.933975924      3.140789492 0       0.037696838      0.100000000
     7.141550515      6.118810311 0       0.030054012      0.100000000
     6.921852713      7.501404575 0       0.143030945      0.100000000
     3.976715182      4.103083346 0      -0.178385604      0.100000000
     2.121181610      4.424230544 0      -0.021374295      0.100000000
     7.554993160      3.430604790 0       0.110033998      0.100000000
     2.353985582      7.050074782 0       0.002841559      0.100000000
     0.208567609      2.122741349 0       0.055706952      0.100000000
     0.586886238      0.938909293 0      -0.009738785      0.100000000
     6.916937480      1.361750038 0      -0.043405869      0.100000000
     3.731145663      5.326762887 0      -0.089645187      0.100000000
     5.511383272      6.553778866 0       0.009845714      0.100000000
     7.329178965      4.285224640 0       0.122203792      0.100000000
     5.382634395      3.434367589 0      -0.004514693      0.100000000
     3.873908306      6.393112593 0       0.068806480      0.100000000
     0.087585038      0.387345126 0      -0.062525111      0.100000000
     7.844037276      1.971753743 0      -0.105667336      0.100000000
     4.944686541      4.421474512 0      -0.115456594      0.100000000
     0.165925307      3.780096809 0      -0.049331802      0.100000000
     7.917364841      7.261010526 0      -0.034167078      0.100000000
     2.682516744      4.976196903 0       0.041184854      0.100000000
     2.156146867      1.738435731 0      -0.043888789      0.100000000
     6.729130611      3.045328055 0       0.109169548      0.100000000
     4.020323847      5.748951256 0       0.006649253      0.100000000
     0.806105750     -0.067132114 0       0.176869264      0.100000000
     5.385587040      7.183790516 0      -0.150819097      0.100000000
     3.561573974      3.982964053 0      -0.094212421      0.100000000
     3.205854418      4.736862548 0       0.004716446      0.100000000
     3.715947136      0.850910941 0      -0.171803399      0.100000000
     5.926380160      6.263693626 0      -0.232785415      0.100000000
    -0.079106300      4.693851450 0       0.211696400      0.100000000
     0.374682990      6.161756654 0      -0.063897135      0.100000000
     0.356030264      2.044684285 0      -0.090830437      0.100000000
     0.585569812      7.535763220 0       0.210431547      0.100000000
     1.424727242      7.114015234 0      -0.108280882      0.100000000
     3.174572967      2.748086577 0      -0.286653654      0.100000000
     6.206550599      3.556690908 0      -0.123650507      0.100000000
     5.913509842      4.140437498 0      -0.079194550      0.100000000
     2.774635066      6.832044249 0      -0.010891605      0.100000000
     0.261971238      1.596308641 0       0.169896689      0.100000000
     3.167304463      0.203531039 0       0.130115550      0.100000000
     6.021423008      3.273472668 0      -0.047517488      0.100000000
     1.828182926      2.225522632 0      -0.071535847      0.100000000
     3.852794031      2.695515158 0       0.013052622      0.100000000
     6.948936636      0.377380573 0      -0.149022132      0.100000000
     6.117794690      5.509851451 0      -0.116353568      0.100000000
    -0.094626302      0.120588134 0       0.063952837      0.100000000
     6.753775627      1.678809320 0      -0.123855079      0.100000000
     1.121844319      4.405540121 0       0.066982472      0.100000000
     2.877171312      5.928174209 0       0.008174735      0.100000000
     5.608217065      1.568024905 0       0.029192777      0.100000000
    -0.029633744      1.637144425 0       0.032592991      0.100000000
     1.757711567      4.825134987 0       0.051740957      0.100000000
     7.680123597      3.030039193 0       0.141261112      0.100000000
     2.539763857      7.188130497 0       0.104960004      0.100000000
     5.790615617      5.760044782 0       0.167057653      0.100000000
     2.226507602      1.891008192 0      -0.207316285      0.100000000
     1.249112775      4.362923828 0      -0.122216927      0.100000000
     7.296526917      0.821045177 0       0.043871856      0.100000000
    -0.058737257      2.109681098 0       0.042526300      0.100000000
     6.753429465      6.213327945 0       0.114296084      0.100000000
     0.135622565      2.453887694 0      -0.003612450      0.100000000
     1.917809571      7.795429669 0       0.016096375      0.100000000
     6.814567519      0.659004143 0       0.093756790      0.100000000
     0.682137373      2.325706169 0       0.098159317      0.100000000
     1.886195337      1.740046879 0      -0.083400662      0.100000000
     0.585307190      4.954132576 0      -0.070206718      0.100000000
     5.653007687      0.882684975 0       0.042436875      0.100000000
     7.368656027      5.862523259 0       0.199064300      0.100000000
     4.901690653      5.597784915 0      -0.145342053      0.100000000
     0.008460516      6.843445010 0       0.062719917      0.100000000
     0.473278476      0.555549840 0       0.004884628      0.100000000
     3.078759414      0.735147939 0      -0.133585316      0.100000000
     0.330057250      3.474786499 0      -0.069691512      0.100000000
     4.080532406      6.548389158 0       0.094010067      0.100000000
     3.270163360     -0.045222512 0       0.096656258      0.100000000
     1.411993925      3.445215565 0      -0.103182836      0.100000000
     6.285586257      6.414081176 0       0.049646000      0.100000000
     2.845194997      5.300208194 0       0.113135541      0.100000000
     4.609175966      5.696816687 0      -0.211525337      0.100000000
     3.808111165      1.114044562 0      -0.066466346      0.100000000
     4.403477706      7.570410447 0       0.040241992      0.100000000
     5.190421034      3.424428041 0      -0.186769667      0.100000000
     1.668453499      0.419694434 0       0.134479795      0.100000000
     1.437113398      0.178594036 0       0.081040306      0.100000000
     7.606165281      0.383157166 0      -0.130912967      0.100000000
     4.206922639      1.422531217 0       0.079705283      0.100000000
     6.675706219      7.806191421 0      -0.075156630      0.100000000
     2.948386850      7.837066441 0      -0.084015199      0.100000000
     5.985831439      4.574691749 0      -0.138922607      0.100000000
     5.077486718      3.777039831 0       0.014320710      0.100000000
     4.568579862      2.297147313 0       0.064878335      0.100000000
     4.653723498      5.501427500 0      -0.289214535      0.100000000
     2.873596399      6.392597711 0       0.006692111      0.100000000
     2.332699668      7.301438204 0      -0.148645990      0.100000000
     5.557786888      5.030109222 0      -0.257783982      0.100000000
     0.779436879      4.052756284 0       0.159507302      0.100000000
     2.584761430      5.791473511 0       0.041527575      0.100000000
     2.090601779      0.312796403 0       0.084669021      0.100000000
     0.941025056      0.232602636 0      -0.117075635      0.100000000
     6.970224415      1.464011578 0       0.010831422      0.100000000
     1.811434506      0.158314020 0       0.057676113      0.100000000
     1.609237870      1.075643523 0       0.042733208      0.100000000
     5.592816768      0.232739838 0       0.219295789      0.100000000
     0.471544099      3.581465218 0      -0.032175797      0.100000000
     6.175180525      3.324058832 0       0.066220317      0.100000000
     2.556769909      6.218769072 0       0.164370322      0.100000000
     5.403562694      0.750781774 0       0.076542141      0.100000000
     4.214563438      2.622896595 0       0.124597253      0.100000000
     1.177814147      3.172665363 0      -0.067159939      0.100000000
     6.876858823      2.003425083 0       0.051457484      0.100000000
     1.993720681      6.610114602 0       0.070835087      0.100000000
     1.343369642      7.725228876 0      -0.022462295      0.100000000
     2.777763156      7.638124192 0      -0.073182990      0.100000000
    -0.073249165      5.971432220 0       0.049209984      0.100000000
     1.369308687      2.509631903 0      -0.217870041      0.100000000
     4.445495084      3.230378294 0       0.038397291      0.100000000
     6.437634924      0.360091147 0      -0.010702578      0.100000000
     7.778173768      3.709968964 0      -0.074175006      0.100000000
     4.085271776      4.192468525 0      -0.248733191      0.100000000
     7.124470094      6.759797478 0       0.231265299      0.100000000
     4.390594999      1.547907064 0       0.069646265      0.100000000
     5.910124110      1.452641087 0      -0.122630355      0.100000000
     6.987616686      2.348459068 0      -0.254269443      0.100000000
     3.683201779      2.501767540 0       0.091788877      0.100000000
     7.527853838      3.147162203 0       0.133546740      0.100000000
     7.363171239      4.561335674 0      -0.111914374      0.100000000
     4.673206332      3.128780002 0      -0.090324070      0.100000000
     5.726346241      4.436966635 0      -0.112316807      0.100000000
     1.653981671      1.082397000 0       0.219268137      0.100000000
     7.444866540      1.301586629 0      -0.136869970      0.100000000
     5.709342921      2.887523545 0      -0.042181052      0.100000000
     3.593695752      5.937425277 0      -0.059439670      0.100000000
     4.160743303      6.746538436 0       0.107321101      0.100000000
     1.471783794      7.831315783 0       0.086041679      0.100000000
     3.929378370      7.801951922 0       0.345834572      0.100000000
     6.999019338      0.219603272 0       0.142920838      0.100000000
     3.603384533      4.213054059 0      -0.070695229      0.100000000
     3.406895296      4.367373174 0      -0.013372425      0.100000000
     6.310793331      7.025931793 0      -0.046447135      0.100000000
     4.594317668      5.806689867 0      -0.048319012      0.100000000
     1.158961138      0.499557138 0       0.046193378      0.100000000
     5.570267086      5.427549098 0      -0.041923858      0.100000000
     4.020853376      6.434465142 0      -0.144796852      0.100000000
     2.326353316      7.941676297 0       0.004278393      0.100000000
     3.843393947      2.615527948 0      -0.188285527      0.100000000
     5.140997913      2.178815569 0       0.103057881      0.100000000
     7.121574273      3.719378752 0      -0.082231564      0.100000000
     2.435688552      6.800653851 0       0.134839340      0.100000000
     3.127379758      2.570674777 0      -0.167818845      0.100000000
     2.265457839      1.260965019 0      -0.087070405      0.100000000
     3.191303045      5.188305723 0      -0.006918661      0.100000000
     4.066902889      5.216505472 0      -0.217894327      0.100000000
     6.432736503      5.095103929 0      -0.063140260      0.100000000
     2.707821328      5.328094357 0      -0.144169330      0.100000000
     5.316761043      6.770342843 0      -0.146259126      0.100000000
     5.383220800      0.951817926 0       0.075428795      0.100000000
     4.530090795      7.765176720 0       0.091713737      0.100000000
     5.659492411      1.310704051 0       0.191631647      0.100000000
     7.654939305      0.395758372 0       0.083522077      0.100000000
     4.418433553      4.050816043 0      -0.238441559      0.100000000
     3.736098361      7.294211085 0      -0.070782360      0.100000000
     5.324145626      2.099769102 0       0.110846876      0.100000000
     1.226989433      3.872581244 0       0.065724912      0.100000000
    -0.088318117      1.860297249 0      -0.008122921      0.100000000
     5.436920058      3.284908515 0      -0.143123564      0.100000000
     7.297244526      6.771659027 0      -0.027346593      0.100000000
     2.073569694      1.271372550 0      -0.118406740      0.100000000
     5.633279555      5.587488614 0      -0.208794921      0.100000000
     4.539221478      0.973177722 0       0.038502134      0.100000000
     0.005989920      2.939875080 0       0.150721110      0.100000000
     0.581317875      0.322154352 0       0.160584826      0.100000000
     4.915608928      0.245044132 0       0.055324537      0.100000000
     3.794295514      7.473667087 0      -0.011774308      0.100000000
     0.586877156      1.998231340 0      -0.158399412      0.100000000
     5.467251332      0.524489357 0       0.073093877      0.100000000
     0.542681660      3.642963779 0       0.034347930      0.100000000
     6.842177030      2.838462968 0      -0.048113985      0.100000000
     1.019517813      1.299158085 0       0.074318209      0.100000000
     2.000917308      3.216158736 0      -0.259362338      0.100000000
     6.108426974      3.849797374 0      -0.074096979      0.100000000
     2.559354782      3.639502004 0      -0.044115641      0.100000000
     6.013103635      1.463533638 0       0.173162223      0.100000000
     3.715775591      2.539931330 0      -0.139512692      0.100000000
     4.125261206      4.375982245 0      -0.133857586      0.100000000
     5.397547661      4.780021489 0      -0.331854399      0.100000000
     3.919298633      4.794918938 0      -0.200769768      0.100000000
     4.393462148      6.306607767 0      -0.076969234      0.100000000
     4.944559970      1.527189548 0       0.025708699      0.100000000
     5.955230574      3.591218021 0      -0.009210055      0.100000000
     5.586729746      4.415052442 0      -0.190684895      0.100000000
     7.643842347      0.688126338 0       0.066687094      0.100000000
     5.092024895      2.283868879 0       0.028825574      0.100000000
     0.991868399      0.961127745 0      -0.199103327      0.100000000
     3.558592037      7.378369083 0       0.114892898      0.100000000
     6.931030675      7.015611769 0       0.188588092      0.100000000
     2.986043817      5.367426910 0      -0.128070857      0.100000000
     5.102685527      6.219105897 0       0.009397289      0.100000000
     1.732703792      4.328923885 0       0.099711451      0.100000000
     7.799561243      3.362471105 0       0.181392819      0.100000000
     1.908676469      6.065484633 0      -0.043898771      0.100000000
     1.841866967      6.855943276 0       0.078620397      0.100000000
     0.103125531      0.362586409 0       0.209111759      0.100000000
     0.461554804      4.942547622 0       0.048925556      0.100000000
     1.030063151      7.631385670 0       0.173176694      0.100000000
     5.165236043      5.450199788 0      -0.015846770      0.100000000
     4.256897610      2.780049813 0      -0.115581035      0.100000000
     1.349530997      1.596019506 0      -0.069174229      0.100000000
     7.496827969      4.188821231 0      -0.173847854      0.100000000
     5.151299942      6.826849974 0       0.032802985      0.100000000
     1.694105819      6.446281943 0      -0.009060483      0.100000000
     1.048509961      5.051989953 0      -0.108184024      0.100000000
     3.189372143      5.115504288 0       0.040861967      0.100000000
     5.457906942      2.371548112 0       0.154122755      0.100000000
     7.096033884      1.326634430 0      -0.066256092      0.100000000
     3.543905461      6.439584498 0       0.320891279      0.100000000
     7.454674045     -0.061556089 0      -0.052558154      0.100000000
     6.267078519     -0.037083365 0       0.135339106      0.100000000
     7.172839428      1.946314652 0      -0.081555081      0.100000000
     1.305186849      0.558449473 0      -0.021755310      0.100000000
     0.265309130      1.113807424 0       0.161700575      0.100000000
     3.856256386      0.112351546 0      -0.207313385      0.100000000
     4.507719574      6.646340455 0       0.028502958      0.100000000
     6.686059077      0.542356887 0       0.186422076      0.100000000
     1.134575037      2.752549085 0       0.009451683      0.100000000
     5.590934902      6.251468774 0      -0.142930151      0.100000000
     3.095345525      4.596795163 0      -0.039445120      0.100000000
     6.220964424      2.643380190 0       0.035383422      0.100000000
     3.367583729      1.891778235 0      -0.197978611      0.100000000
     5.756463088      4.881189442 0      -0.411951283      0.100000000
     6.633279722      3.129010681 0       0.100294986      0.100000000
     6.367045562      6.837162210 0       0.064794237      0.100000000
     1.124747833      7.325946142 0      -0.006277686      0.100000000
     1.927141503      2.573455649 0       0.006642086      0.100000000
     5.496238065      4.278499908 0      -0.282239272      0.100000000
     0.156900028      3.121844463 0       0.074101899      0.100000000
     4.873523109      7.744794902 0       0.064436072      0.100000000
    -0.029957376      3.374232804 0       0.135011449      0.100000000
     7.758311379      5.939241865 0       0.064303746      0.100000000
     4.408050280      7.174021784 0       0.106354229      0.100000000
     2.747774652      0.152138847 0      -0.141937755      0.100000000
     5.691817382      6.326765851 0      -0.082504441      0.100000000
     2.548212177      3.181773300 0      -0.178993557      0.100000000
     6.558398066      1.473006290 0       0.055865744      0.100000000
     4.189845842     -0.021699440 0       0.027921055      0.100000000
    -0.065571068      3.420632710 0       0.132303032      0.100000000
     1.134348400      5.841161609 0       0.020750409      0.100000000
     4.157101413     -0.089514309 0      -0.006029474      0.100000000
     6.092254198     -0.076585503 0       0.080418423      0.100000000
     1.754050452      4.889646127 0       0.020567861      0.100000000
     2.694348484      1.388063738 0       0.037345418      0.100000000
     0.544941666      3.570453090 0       0.070659012      0.100000000
     6.051187464      1.404428287 0       0.124361963      0.100000000
     3.082958622      6.722493869 0       0.098060452      0.100000000
     2.409451588      6.305444752 0       0.126344010      0.100000000
     6.168362566      5.621673073 0       0.122076326      0.100000000
     1.662272825      4.078455571 0      -0.029276164      0.100000000
     4.964074457      6.674300832 0       0.194741899      0.100000000
     1.274678869      0.722852155 0       0.051674710      0.100000000
     4.237445227      6.943650134 0       0.018999739      0.100000000
     5.456214593      3.815836796 0      -0.220169917      0.100000000
     1.318218176      3.388547904 0      -0.103066632      0.100000000
     1.628153128      7.061449023 0       0.121896597      0.100000000
     5.346346694      2.614250485 0      -0.096229856      0.100000000
     5.311753395      0.559559111 0       0.152050330      0.100000000
     3.304029270      3.780288749 0      -0.017346759      0.100000000
     2.318199360      4.109587444 0      -0.067658328      0.100000000
     4.155915813      1.353981017 0      -0.029720695      0.100000000
     0.587274066      4.307099947 0      -0.043707087      0.100000000
    -0.006215847      3.229943234 0      -0.181846901      0.100000000
     5.647115939      7.402385880 0       0.027747662      0.100000000
     5.240422055      0.059730160 0      -0.028856554      0.100000000
     4.523760715      7.386819988 0      -0.078418322      0.100000000
     5.343986446      2.894756917 0      -0.051984848      0.100000000
     0.711425646      0.478599105 0       0.038647699      0.100000000
     6.292329319      3.022447220 0       0.008582166      0.100000000
     5.394809516      4.542789786 0      -0.015206578      0.100000000
     3.841936416      4.188296537 0      -0.154915146      0.100000000
     4.650075557      6.376280620 0       0.244828457      0.100000000
     2.978715601      3.533769893 0      -0.043691703      0.100000000
     1.124497083      4.659074661 0      -0.004186842      0.100000000
     2.306986922      2.771882865 0      -0.028008478      0.100000000
     5.759783179      7.062789063 0       0.124921304      0.100000000
     0.086891659      6.584524786 0      -0.010954760      0.100000000
     4.926407399      2.446875062 0      -0.082465118      0.100000000
     3.918540169      3.382377129 0      -0.295136524      0.100000000
     3.570591033      7.571551890 0       0.061946743      0.100000000
     2.236347883      2.347882139 0      -0.209696937      0.100000000
     6.906603750      5.415618867 0      -0.065304192      0.100000000
     1.213227234      7.268222357 0      -0.085387428      0.100000000
     6.833475891      7.562822914 0      -0.042212868      0.100000000
     5.732409695     -0.079848719 0       0.101053757      0.100000000
     7.509347802      2.251910809 0       0.052506740      0.100000000
     5.742070984      7.171695829 0      -0.001408510      0.100000000
     6.002101938      4.893099894 0      -0.238606766      0.100000000
     7.638226567      2.717537970 0       0.026104244      0.100000000
     6.616691001      6.522756203 0      -0.030007454      0.100000000
     0.853198872      3.222285315 0       0.086522744      0.100000000
     0.910696880      7.199160081 0      -0.007476662      0.100000000
     5.430420059      5.216566770 0      -0.189785417      0.100000000
     0.785457966      5.531802811 0       0.066899384      0.100000000
     5.330649624      6.199147515 0      -0.059472674      0.100000000
     5.034053234      3.357825524 0       0.080836843      0.100000000
     3.687685644      6.137532505 0      -0.098106709      0.100000000
     2.783418503      2.829298456 0      -0.089969192      0.100000000
     4.143019794      1.635907089 0       0.037253836      0.100000000
     1.593350576      2.162376441 0      -0.136936792      0.100000000
     0.286782713      2.185646035 0       0.002781515      0.100000000
     5.624777262      0.254133128 0       0.046646746      0.100000000
    -0.089993022      7.932783193 0       0.246090541      0.100000000
     5.899219570      6.127010713 0      -0.047066578      0.100000000
     4.590250644      6.282239424 0       0.044109014      0.100000000
     2.001576843      6.128543692 0       0.022594144      0.100000000
     3.565115270      0.809847153 0      -0.031261409      0.100000000
     4.512393323      4.897083927 0      -0.269404716      0.100000000
     3.318683742      7.061354936 0      -0.111402509      0.100000000
     0.833716242      5.627810098 0       0.110224884      0.100000000
     2.309006154      0.435323850 0       0.030584433      0.100000000
     0.140491615      2.714738719 0       0.062486592      0.100000000
     5.885527651      7.018378918 0      -0.076798355      0.100000000
     0.663097511      0.930320501 0       0.030196749      0.100000000
     7.420502928      6.610480401 0       0.127567368      0.100000000
     6.005504504      6.306037878 0       0.031791139      0.100000000
     6.110328686      7.866394692 0       0.118238262      0.100000000
    -0.016340917      7.572470309 0       0.093245357      0.100000000
     3.842350711      5.722026956 0      -0.032164619      0.100000000
    -0.049068679      0.286572562 0       0.175990424      0.100000000
     6.037725360      0.946834341 0       0.064330977      0.100000000
     6.813213837      0.690852226 0      -0.044161153      0.100000000
     1.898901948      3.288257543 0      -0.008884757      0.100000000
     4.567080826      1.510439760 0      -0.016587823      0.100000000
     4.253082310      2.545474394 0      -0.104700440      0.100000000
     6.816472102      0.235364564 0       0.069345783      0.100000000
     2.652066153      0.596028217 0       0.060281624      0.100000000
     0.096711929      1.980988893 0       0.119244048      0.100000000
     1.510324694      0.693809477 0      -0.028083949      0.100000000
     1.354235732      3.989944166 0       0.053054005      0.100000000
     0.195938158      3.768360536 0      -0.017675795      0.100000000
     4.294468688      5.557731053 0      -0.173839191      0.100000000
     6.615205516      4.776433678 0       0.008352167      0.100000000
     2.535948545      5.140861828 0       0.162254232      0.100000000
     7.096983339      7.258896635 0       0.028875505      0.100000000
     5.853314904      7.358583144 0       0.023387428      0.100000000
     5.329575580     -0.095057557 0       0.199075684      0.100000000
     6.536583502      5.964144620 0       0.059122603      0.100000000
     3.720709610      5.401100372 0      -0.187287338      0.100000000
     5.542236736      4.907660223 0      -0.097595249      0.100000000
     0.458811025      7.757796356 0      -0.005904533      0.100000000
     6.627930058      4.174092432 0       0.004978798      0.100000000
     1.686155847     -0.018557055 0       0.162803035      0.100000000
     2.547044005      5.389100341 0      -0.009818747      0.100000000
     2.319276305      1.028399234 0       0.283366309      0.100000000
     2.943634599      3.993331039 0      -0.084103499      0.100000000
     1.087329745      6.670824331 0       0.019107458      0.100000000
     2.345844497      6.741970715 0      -0.083543650      0.100000000
     4.514216854      3.477258575 0      -0.136479644      0.100000000
     6.146458089      2.024984932 0      -0.135699992      0.100000000
     3.058446028      3.211235291 0      -0.252240219      0.100000000
     4.662857789      5.870978560 0       0.074168908      0.100000000
     6.739543270      1.542210001 0      -0.092148967      0.100000000
     6.475447224      2.097839107 0       0.053715346      0.100000000
     2.122002322      5.914260792 0       0.071198478      0.100000000
     5.351406701      6.907825889 0      -0.011835241      0.100000000
     5.311888495      1.124920135 0      -0.080757731      0.100000000
     4.075918004      7.258642957 0      -0.159725267      0.100000000
     6.150635648      1.877657457 0       0.104663919      0.100000000
     0.721970050      2.490927005 0      -0.026496557      0.100000000
     3.024523545      6.316606193 0       0.141448330      0.100000000
     0.508404271      4.636960952 0      -0.037715519      0.100000000
     6.222241039      3.984648066 0      -0.174026085      0.100000000
     6.904116075      6.415451193 0      -0.054761190      0.100000000
     5.536844724      5.596541658 0      -0.175284545      0.100000000
     2.762552164      3.367464629 0      -0.127637603      0.100000000
     0.007533545      5.009107057 0       0.100307356      0.100000000
     5.806040010      4.095044132 0       0.084805827      0.100000000
     5.674959016      1.745429568 0      -0.185448504      0.100000000
     5.542936911      5.345706127 0       0.096621332      0.100000000
     3.683910863      1.653732878 0      -0.159415183      0.100000000
     2.553202213      5.666758481 0       0.226237768      0.100000000
     0.223632771      5.249016013 0       0.001549599      0.100000000
     4.340979826      6.300005714 0      -0.108678319      0.100000000
     1.153857960      4.330766077 0       0.117607249      0.100000000
     1.402755737      5.773939975 0      -0.001906514      0.100000000
     3.948384709      0.364542459 0      -0.100637733      0.100000000
     5.312005021      2.645563394 0       0.235087239      0.100000000
     2.126448712      0.483640821 0      -0.123734203      0.100000000
     0.882659897      2.352600270 0       0.176305951      0.100000000
     3.231822605      1.196493282 0      -0.143655010      0.100000000
     4.596662018      6.814694269 0       0.194073396      0.100000000
     3.307221708      5.841316608 0      -0.065145226      0.100000000
     7.730292242      5.406777772 0       0.152419155      0.100000000
     4.750486475      4.719874306 0      -0.190776166      0.100000000
     6.085766049      5.084620481 0       0.014846172      0.100000000
     0.060482553      3.263529303 0      -0.071138868      0.100000000
     0.459891976      6.079482260 0      -0.018559590      0.100000000
     2.327338404      3.793220693 0      -0.203126231      0.100000000
     4.410573023      4.254484431 0      -0.302039313      0.100000000
     7.524764499      7.184268392 0      -0.041748091      0.100000000
     4.800133966      2.908289766 0       0.039423301      0.100000000
     4.170741751      4.979045450 0      -0.156790933      0.100000000
     1.908023688      2.802208216 0      -0.160838145      0.100000000
     7.605770795      4.880234864 0       0.021225324      0.100000000
     6.575225059      1.267953727 0       0.024064711      0.100000000
     6.325076752      6.348874781 0       0.054080180      0.100000000
     7.922793538      7.128781266 0       0.042676929      0.100000000
     5.443088144      6.011279097 0      -0.043376586      0.100000000
     5.526465547      0.510080241 0       0.009705486      0.100000000
     6.178908101      4.519957003 0       0.025806703      0.100000000
     4.532645023      7.682185832 0       0.113175047      0.100000000
     6.257339657      6.132861796 0       0.031538208      0.100000000
     0.187204705      7.216099824 0       0.042092544      0.100000000
     5.698191375      1.619678647 0       0.114992281      0.100000000
     2.956344324      4.923388982 0      -0.041404797      0.100000000
     6.226607930      1.489071770 0      -0.037171044      0.100000000
     2.319416030      2.501464594 0      -0.077351596      0.100000000
     1.849154373      1.411158596 0       0.050209600      0.100000000
     0.675086022      5.304657808 0       0.110501771      0.100000000
     6.369083980      1.191513920 0       0.117268364      0.100000000
     7.813043692      0.895074675 0       0.122757663      0.100000000
     0.413258727      7.860903848 0      -0.051102832      0.100000000
     0.683810231      0.904375918 0       0.112323658      0.100000000
     2.624492618      1.266907311 0      -0.055527742      0.100000000
     0.051525045      6.397613739 0       0.007868011      0.100000000
     2.089417320      3.092962017 0      -0.140076176      0.100000000
     5.411327016      5.015562272 0      -0.166332384      0.100000000
     2.200544461      5.353211188 0      -0.060760191      0.100000000
    -0.088282589      7.670151946 0      -0.044347251      0.100000000
     5.075624862      4.351543847 0      -0.255549340      0.100000000
     3.559588678      2.395421943 0       0.003303357      0.100000000
     2.124003829      7.119130147 0       0.245362480      0.100000000
     6.213354753      7.858624943 0       0.074820115      0.100000000
     3.160017626      7.516479434 0      -0.004001410      0.100000000
     7.075880630      0.542512987 0       0.067689016      0.100000000
     5.034791090      7.934099318 0      -0.060245941      0.100000000
     0.012422814      6.824646926 0       0.010569634      0.100000000
     0.256907717      2.512457346 0       0.240392616      0.100000000
     7.065983493      5.861347590 0      -0.172323798      0.100000000
     5.734882035      3.898958807 0      -0.179360718      0.100000000
     0.780902967      6.182953034 0       0.058143623      0.100000000
     4.340759270      1.726666273 0       0.018895621      0.100000000
     4.920471245     -0.041519002 0      -0.022553224      0.100000000
     6.164037615      6.268768668 0       0.034870061      0.100000000
     1.884605374      5.392902080 0       0.086530017      0.100000000
     5.601914782      2.676165587 0      -0.026893845      0.100000000
     2.975049646      5.430649789 0      -0.102370016      0.100000000
     7.460416139      1.442903434 0      -0.077481726      0.100000000
     2.015504937      3.200838550 0       0.090080569      0.100000000
     5.672232676      3.190157878 0      -0.155362009      0.100000000
     4.894992213      2.971187594 0       0.014278735      0.100000000
